5e-09 0
2.3915e-05 0
2.4015e-05 115.47
2.608e-05 115.47
2.618e-05 0
7.392e-05 0
7.402e-05 115.47
7.6085e-05 115.47
7.6185e-05 0
0.00012388 0
0.00012398 62.8895
0.00012401 62.8895
0.00012411 115.312
0.000126105 115.312
0.000126205 0
0.000173885 0
0.000173985 115.312
0.00017598 115.312
0.00017608 62.8895
0.00017611 62.8895
0.00017621 0
0.00022385 0
0.00022395 67.8716
0.00022411 67.8716
0.00022421 114.837
0.00022613 114.837
0.00022623 0
0.00027385 0
0.00027395 114.837
0.00027587 114.837
0.00027597 67.8716
0.00027613 67.8716
0.00027623 0
0.00032382 0
0.00032392 72.6677
0.00032421 72.6677
0.00032431 114.048
0.00032615 114.048
0.00032625 0
0.00037382 0
0.00037392 114.048
0.00037576 114.048
0.00037586 72.6677
0.00037615 72.6677
0.00037625 0
0.000423795 0
0.000423895 77.2645
0.00042431 77.2645
0.00042441 112.947
0.000426165 112.947
0.000426265 0
0.000473795 0
0.000473895 112.947
0.00047565 112.947
0.00047575 77.2645
0.000476165 77.2645
0.000476265 0
0.00052377 0
0.00052387 81.6497
0.000524415 81.6497
0.000524515 111.536
0.00052618 111.536
0.00052628 0
0.00057377 0
0.00057387 111.536
0.000575535 111.536
0.000575635 81.6497
0.00057618 81.6497
0.00057628 0
0.00062375 0
0.00062385 85.811
0.00062452 85.811
0.00062462 109.819
0.00062619 109.819
0.00062629 0
0.00067375 0
0.00067385 109.819
0.00067542 109.819
0.00067552 85.811
0.00067619 85.811
0.00067629 0
0.00072373 0
0.00072383 89.7371
0.000724625 89.7371
0.000724725 107.801
0.000726195 107.801
0.000726295 0
0.000773735 0
0.000773835 107.801
0.000775305 107.801
0.000775405 89.7371
0.0007762 89.7371
0.0007763 0
0.00082372 0
0.00082382 93.4172
0.000824735 93.4172
0.000824835 105.487
0.0008262 105.487
0.0008263 0
0.00087372 0
0.00087382 105.487
0.000875185 105.487
0.000875285 93.4172
0.0008762 93.4172
0.0008763 0
0.00092371 0
0.00092381 96.8413
0.00092484 96.8413
0.00092494 102.885
0.0009262 102.885
0.0009263 0
0.00097371 0
0.00097381 102.885
0.00097507 102.885
0.00097517 96.8413
0.0009762 96.8413
0.0009763 0
0.0010237 0
0.0010238 100
0.00102619 100
0.00102629 0
0.0010737 0
0.0010738 100
0.0010762 100
0.0010763 0
0.0011237 0
0.0011238 102.885
0.00112506 102.885
0.00112516 96.8413
0.00112619 96.8413
0.00112629 0
0.0011737 0
0.0011738 96.8413
0.00117483 96.8413
0.00117493 102.885
0.00117619 102.885
0.00117629 0
0.0012237 0
0.0012238 105.487
0.00122516 105.487
0.00122526 93.4172
0.00122618 93.4172
0.00122628 0
0.0012737 0
0.0012738 93.4172
0.00127471 93.4172
0.00127481 105.487
0.00127618 105.487
0.00127628 0
0.0013237 0
0.0013238 107.801
0.00132527 107.801
0.00132537 89.7371
0.00132616 89.7371
0.00132626 0
0.0013737 0
0.0013738 89.7371
0.0013746 89.7371
0.0013747 107.801
0.00137617 107.801
0.00137627 0
0.00142371 0
0.00142381 109.819
0.00142538 109.819
0.00142548 85.811
0.00142615 85.811
0.00142625 0
0.00147371 0
0.00147381 85.811
0.00147448 85.811
0.00147458 109.819
0.00147615 109.819
0.00147625 0
0.00152372 0
0.00152382 111.536
0.00152548 111.536
0.00152558 81.6497
0.00152613 81.6497
0.00152623 0
0.00157372 0
0.00157382 81.6497
0.00157436 81.6497
0.00157446 111.536
0.00157613 111.536
0.00157623 0
0.00162373 0
0.00162383 112.947
0.00162559 112.947
0.00162569 77.2645
0.0016261 77.2645
0.0016262 0
0.00167373 0
0.00167383 77.2645
0.00167425 77.2645
0.00167435 112.947
0.0016761 112.947
0.0016762 0
0.00172375 0
0.00172385 114.048
0.00172569 114.048
0.00172579 72.6677
0.00172608 72.6677
0.00172618 0
0.00177375 0
0.00177385 72.6677
0.00177414 72.6677
0.00177424 114.048
0.00177608 114.048
0.00177618 0
0.00182377 0
0.00182387 114.837
0.00182579 114.837
0.00182589 67.8716
0.00182605 67.8716
0.00182615 0
0.00187377 0
0.00187387 67.8716
0.00187403 67.8716
0.00187413 114.837
0.00187605 114.837
0.00187615 0
0.00192379 0
0.00192389 115.312
0.00192588 115.312
0.00192598 62.8895
0.00192601 62.8895
0.00192611 0
0.00197379 0
0.00197389 62.8895
0.00197392 62.8895
0.00197402 115.312
0.00197602 115.312
0.00197612 0
0.00202381 0
0.00202391 115.47
0.00202598 115.47
0.00202608 0
0.00207382 0
0.00207392 115.47
0.00207598 115.47
0.00207608 0
0.00209989 0
0.00209999 7.10543e-15
0.00212378 7.10543e-15
0.00212388 115.312
0.00212587 115.312
0.00212597 62.8895
0.002126 62.8895
0.0021261 -7.10543e-15
0.00217378 -7.10543e-15
0.00217388 62.8895
0.00217391 62.8895
0.00217401 115.312
0.00217601 115.312
0.00217611 7.10543e-15
0.00219989 7.10543e-15
0.00219999 0
0.00222375 0
0.00222385 114.837
0.00222577 114.837
0.00222587 67.8716
0.00222603 67.8716
0.00222613 0
0.00227375 0
0.00227385 67.8716
0.00227401 67.8716
0.00227411 114.837
0.00227603 114.837
0.00227613 0
0.00229988 0
0.00229998 7.10543e-15
0.00232372 7.10543e-15
0.00232382 114.048
0.00232566 114.048
0.00232576 72.6677
0.00232605 72.6677
0.00232615 -7.10543e-15
0.00237372 -7.10543e-15
0.00237382 72.6677
0.00237411 72.6677
0.00237421 114.048
0.00237605 114.048
0.00237615 7.10543e-15
0.00242369 7.10543e-15
0.00242379 112.947
0.00242555 112.947
0.00242565 77.2645
0.00242606 77.2645
0.00242616 -7.10543e-15
0.00247369 -7.10543e-15
0.00247379 77.2645
0.00247421 77.2645
0.00247431 112.947
0.00247606 112.947
0.00247616 7.10543e-15
0.00249987 7.10543e-15
0.00249997 -7.10543e-15
0.00252367 -7.10543e-15
0.00252377 111.536
0.00252543 111.536
0.00252553 81.6497
0.00252608 81.6497
0.00252618 7.10543e-15
0.00257367 7.10543e-15
0.00257377 81.6497
0.00257431 81.6497
0.00257441 111.536
0.00257608 111.536
0.00257618 -7.10543e-15
0.00259987 -7.10543e-15
0.00259997 0
0.00262365 0
0.00262375 109.819
0.00262532 109.819
0.00262542 85.811
0.00262609 85.811
0.00262619 0
0.00267365 0
0.00267375 85.811
0.00267442 85.811
0.00267452 109.819
0.00267609 109.819
0.00267619 0
0.00269986 0
0.00269996 -7.10543e-15
0.00272363 -7.10543e-15
0.00272373 107.801
0.0027252 107.801
0.0027253 89.7371
0.00272609 89.7371
0.00272619 7.10543e-15
0.00277363 7.10543e-15
0.00277373 89.7371
0.00277453 89.7371
0.00277463 107.801
0.0027761 107.801
0.0027762 -7.10543e-15
0.00282362 -7.10543e-15
0.00282372 105.487
0.00282508 105.487
0.00282518 93.4172
0.0028261 93.4172
0.0028262 7.10543e-15
0.00287362 7.10543e-15
0.00287372 93.4172
0.00287463 93.4172
0.00287473 105.487
0.0028761 105.487
0.0028762 -7.10543e-15
0.00289985 -7.10543e-15
0.00289995 0
0.00292361 0
0.00292371 102.885
0.00292497 102.885
0.00292507 96.8413
0.0029261 96.8413
0.0029262 0
0.00297361 0
0.00297371 96.8413
0.00297474 96.8413
0.00297484 102.885
0.0029761 102.885
0.0029762 0
0.00299985 0
0.00299995 7.10543e-15
0.0030236 7.10543e-15
0.0030237 100
0.00302485 100
0.00302495 100
0.00302609 100
0.00302619 -7.10543e-15
0.0030736 -7.10543e-15
0.0030737 100
0.00307485 100
0.00307495 100
0.00307609 100
0.00307619 7.10543e-15
0.00309984 7.10543e-15
0.00309994 0
0.0031236 0
0.0031237 96.8413
0.00312473 96.8413
0.00312483 102.885
0.00312609 102.885
0.00312619 0
0.0031736 0
0.0031737 102.885
0.00317496 102.885
0.00317506 96.8413
0.00317609 96.8413
0.00317619 0
0.0032236 0
0.0032237 93.4172
0.00322461 93.4172
0.00322471 105.487
0.00322608 105.487
0.00322618 0
0.0032736 0
0.0032737 105.487
0.00327506 105.487
0.00327516 93.4172
0.00327608 93.4172
0.00327618 0
0.00329983 0
0.00329993 7.10543e-15
0.0033236 7.10543e-15
0.0033237 89.7371
0.00332449 89.7371
0.00332459 107.801
0.00332606 107.801
0.00332616 -7.10543e-15
0.0033736 -7.10543e-15
0.0033737 107.801
0.00337517 107.801
0.00337527 89.7371
0.00337607 89.7371
0.00337617 7.10543e-15
0.00339983 7.10543e-15
0.00339993 0
0.00342361 0
0.00342371 85.811
0.00342438 85.811
0.00342448 109.819
0.00342605 109.819
0.00342615 0
0.00347361 0
0.00347371 109.819
0.00347528 109.819
0.00347538 85.811
0.00347605 85.811
0.00347615 0
0.00352362 0
0.00352372 81.6497
0.00352426 81.6497
0.00352436 111.536
0.00352603 111.536
0.00352613 0
0.00357362 0
0.00357372 111.536
0.00357538 111.536
0.00357548 81.6497
0.00357603 81.6497
0.00357613 0
0.00362363 0
0.00362373 77.2645
0.00362415 77.2645
0.00362425 112.947
0.003626 112.947
0.0036261 0
0.00367363 0
0.00367373 112.947
0.00367549 112.947
0.00367559 77.2645
0.003676 77.2645
0.0036761 0
0.00372365 0
0.00372375 72.6677
0.00372404 72.6677
0.00372414 114.048
0.00372598 114.048
0.00372608 0
0.00377365 0
0.00377375 114.048
0.00377559 114.048
0.00377569 72.6677
0.00377598 72.6677
0.00377608 0
0.00382367 0
0.00382377 67.8716
0.00382393 67.8716
0.00382403 114.837
0.00382595 114.837
0.00382605 0
0.00387367 0
0.00387377 114.837
0.00387569 114.837
0.00387579 67.8716
0.00387595 67.8716
0.00387605 0
0.0038998 0
0.0038999 -3.55271e-15
0.00392369 -3.55271e-15
0.00392379 62.8895
0.00392382 62.8895
0.00392392 115.312
0.00392591 115.312
0.00392601 3.55271e-15
0.00397369 3.55271e-15
0.00397379 115.312
0.00397579 115.312
0.00397589 62.8895
0.00397592 62.8895
0.00397602 -3.55271e-15
0.00402371 -3.55271e-15
0.00402381 115.47
0.00402588 115.47
0.00402598 3.55271e-15
0.00407372 3.55271e-15
0.00407382 115.47
0.00407588 115.47
0.00407598 -3.55271e-15
0.00409979 -3.55271e-15
0.00409989 3.55271e-15
0.00412368 3.55271e-15
0.00412378 62.8895
0.00412381 62.8895
0.00412391 115.312
0.0041259 115.312
0.004126 -3.55271e-15
0.00417368 -3.55271e-15
0.00417378 115.312
0.00417578 115.312
0.00417588 62.8895
0.00417591 62.8895
0.00417601 3.55271e-15
0.00422365 3.55271e-15
0.00422375 67.8716
0.00422391 67.8716
0.00422401 114.837
0.00422593 114.837
0.00422603 -3.55271e-15
0.00427365 -3.55271e-15
0.00427375 114.837
0.00427567 114.837
0.00427577 67.8716
0.00427593 67.8716
0.00427603 3.55271e-15
0.00429978 3.55271e-15
0.00429988 -3.55271e-15
0.00432362 -3.55271e-15
0.00432372 72.6677
0.00432401 72.6677
0.00432411 114.048
0.00432595 114.048
0.00432605 3.55271e-15
0.00437362 3.55271e-15
0.00437372 114.048
0.00437556 114.048
0.00437566 72.6677
0.00437595 72.6677
0.00437605 -3.55271e-15
0.00439978 -3.55271e-15
0.00439988 3.55271e-15
0.00442359 3.55271e-15
0.00442369 77.2645
0.00442411 77.2645
0.00442421 112.947
0.00442596 112.947
0.00442606 -3.55271e-15
0.00447359 -3.55271e-15
0.00447369 112.947
0.00447545 112.947
0.00447555 77.2645
0.00447596 77.2645
0.00447606 3.55271e-15
0.00449977 3.55271e-15
0.00449987 0
0.00452357 0
0.00452367 81.6497
0.00452421 81.6497
0.00452431 111.536
0.00452598 111.536
0.00452608 0
0.00457357 0
0.00457367 111.536
0.00457533 111.536
0.00457543 81.6497
0.00457598 81.6497
0.00457608 0
0.00459977 0
0.00459987 3.55271e-15
0.00462355 3.55271e-15
0.00462365 85.811
0.00462432 85.811
0.00462442 109.819
0.00462599 109.819
0.00462609 -3.55271e-15
0.00467355 -3.55271e-15
0.00467365 109.819
0.00467522 109.819
0.00467532 85.811
0.00467599 85.811
0.00467609 3.55271e-15
0.00472353 3.55271e-15
0.00472363 89.7371
0.00472442 89.7371
0.00472452 107.801
0.00472599 107.801
0.00472609 -3.55271e-15
0.00477353 -3.55271e-15
0.00477363 107.801
0.0047751 107.801
0.0047752 89.7371
0.004776 89.7371
0.0047761 3.55271e-15
0.00479976 3.55271e-15
0.00479986 -3.55271e-15
0.00482352 -3.55271e-15
0.00482362 93.4172
0.00482453 93.4172
0.00482463 105.487
0.004826 105.487
0.0048261 3.55271e-15
0.00487352 3.55271e-15
0.00487362 105.487
0.00487498 105.487
0.00487508 93.4172
0.004876 93.4172
0.0048761 -3.55271e-15
0.00489975 -3.55271e-15
0.00489985 3.55271e-15
0.00492351 3.55271e-15
0.00492361 96.8413
0.00492464 96.8413
0.00492474 102.885
0.004926 102.885
0.0049261 -3.55271e-15
0.00497351 -3.55271e-15
0.00497361 102.885
0.00497487 102.885
0.00497497 96.8413
0.004976 96.8413
0.0049761 3.55271e-15
0.00499975 3.55271e-15
0.00499985 0
0.0050235 0
0.0050236 100
0.00502475 100
0.00502485 100
0.00502599 100
0.00502609 0
0.0050735 0
0.0050736 100
0.00507475 100
0.00507485 100
0.005076 100
0.0050761 0
0.00509974 0
0.00509984 3.55271e-15
0.0051235 3.55271e-15
0.0051236 102.885
0.00512486 102.885
0.00512496 96.8413
0.00512599 96.8413
0.00512609 -3.55271e-15
0.0051735 -3.55271e-15
0.0051736 96.8413
0.00517463 96.8413
0.00517473 102.885
0.00517599 102.885
0.00517609 3.55271e-15
0.00519974 3.55271e-15
0.00519984 0
0.0052235 0
0.0052236 105.487
0.00522496 105.487
0.00522506 93.4172
0.00522598 93.4172
0.00522608 0
0.0052735 0
0.0052736 93.4172
0.00527451 93.4172
0.00527461 105.487
0.00527598 105.487
0.00527608 0
0.00529973 0
0.00529983 -3.55271e-15
0.0053235 -3.55271e-15
0.0053236 107.801
0.00532507 107.801
0.00532517 89.7371
0.00532596 89.7371
0.00532606 3.55271e-15
0.0053735 3.55271e-15
0.0053736 89.7371
0.0053744 89.7371
0.0053745 107.801
0.00537597 107.801
0.00537607 -3.55271e-15
0.00542351 -3.55271e-15
0.00542361 109.819
0.00542518 109.819
0.00542528 85.811
0.00542595 85.811
0.00542605 3.55271e-15
0.00547351 3.55271e-15
0.00547361 85.811
0.00547428 85.811
0.00547438 109.819
0.00547595 109.819
0.00547605 -3.55271e-15
0.00549972 -3.55271e-15
0.00549982 1.77636e-15
0.00552352 1.77636e-15
0.00552362 111.536
0.00552528 111.536
0.00552538 81.6497
0.00552593 81.6497
0.00552603 -1.77636e-15
0.00557352 -1.77636e-15
0.00557362 81.6497
0.00557416 81.6497
0.00557426 111.536
0.00557593 111.536
0.00557603 1.77636e-15
0.00559972 1.77636e-15
0.00559982 0
0.00562353 0
0.00562363 112.947
0.00562539 112.947
0.00562549 77.2645
0.0056259 77.2645
0.005626 0
0.00567353 0
0.00567363 77.2645
0.00567405 77.2645
0.00567415 112.947
0.0056759 112.947
0.005676 0
0.00569971 0
0.00569981 3.55271e-15
0.00572355 3.55271e-15
0.00572365 114.048
0.00572549 114.048
0.00572559 72.6677
0.00572588 72.6677
0.00572598 -3.55271e-15
0.00577355 -3.55271e-15
0.00577365 72.6677
0.00577394 72.6677
0.00577404 114.048
0.00577588 114.048
0.00577598 3.55271e-15
0.00579971 3.55271e-15
0.00579981 -3.55271e-15
0.00582357 -3.55271e-15
0.00582367 114.837
0.00582559 114.837
0.00582569 67.8716
0.00582585 67.8716
0.00582595 3.55271e-15
0.00587357 3.55271e-15
0.00587367 67.8716
0.00587383 67.8716
0.00587393 114.837
0.00587585 114.837
0.00587595 -3.55271e-15
0.0058997 -3.55271e-15
0.0058998 0
0.00592359 0
0.00592369 115.312
0.00592568 115.312
0.00592578 62.8895
0.00592581 62.8895
0.00592591 0
0.00597359 0
0.00597369 62.8895
0.00597372 62.8895
0.00597382 115.312
0.00597582 115.312
0.00597592 0
0.00602361 0
0.00602371 115.47
0.00602578 115.47
0.00602588 0
0.00607362 0
0.00607372 115.47
0.00607578 115.47
0.00607588 0
0.00612358 0
0.00612368 115.312
0.00612567 115.312
0.00612577 62.8895
0.0061258 62.8895
0.0061259 0
0.00617358 0
0.00617368 62.8895
0.00617371 62.8895
0.00617381 115.312
0.00617581 115.312
0.00617591 0
0.00619969 0
0.00619979 7.10543e-15
0.00622355 7.10543e-15
0.00622365 114.837
0.00622557 114.837
0.00622567 67.8716
0.00622583 67.8716
0.00622593 -7.10543e-15
0.00627355 -7.10543e-15
0.00627365 67.8716
0.00627381 67.8716
0.00627391 114.837
0.00627583 114.837
0.00627593 7.10543e-15
0.00629968 7.10543e-15
0.00629978 0
0.00632352 0
0.00632362 114.048
0.00632546 114.048
0.00632556 72.6677
0.00632585 72.6677
0.00632595 0
0.00637352 0
0.00637362 72.6677
0.00637391 72.6677
0.00637401 114.048
0.00637585 114.048
0.00637595 0
0.00642349 0
0.00642359 112.947
0.00642535 112.947
0.00642545 77.2645
0.00642586 77.2645
0.00642596 0
0.00647349 0
0.00647359 77.2645
0.00647401 77.2645
0.00647411 112.947
0.00647586 112.947
0.00647596 0
0.00652347 0
0.00652357 111.536
0.00652523 111.536
0.00652533 81.6497
0.00652588 81.6497
0.00652598 0
0.00657347 0
0.00657357 81.6497
0.00657411 81.6497
0.00657421 111.536
0.00657588 111.536
0.00657598 0
0.00662345 0
0.00662355 109.819
0.00662512 109.819
0.00662522 85.811
0.00662589 85.811
0.00662599 0
0.00667345 0
0.00667355 85.811
0.00667422 85.811
0.00667432 109.819
0.00667589 109.819
0.00667599 0
0.00672343 0
0.00672353 107.801
0.006725 107.801
0.0067251 89.7371
0.00672589 89.7371
0.00672599 0
0.00677343 0
0.00677353 89.7371
0.00677433 89.7371
0.00677443 107.801
0.0067759 107.801
0.006776 0
0.00682342 0
0.00682352 105.487
0.00682488 105.487
0.00682498 93.4172
0.0068259 93.4172
0.006826 0
0.00687342 0
0.00687352 93.4172
0.00687443 93.4172
0.00687453 105.487
0.0068759 105.487
0.006876 0
0.00692341 0
0.00692351 102.885
0.00692477 102.885
0.00692487 96.8413
0.0069259 96.8413
0.006926 0
0.00697341 0
0.00697351 96.8413
0.00697454 96.8413
0.00697464 102.885
0.0069759 102.885
0.006976 0
0.0070234 0
0.0070235 100
0.00702465 100
0.00702475 100
0.00702589 100
0.00702599 0
0.0070734 0
0.0070735 100
0.00707465 100
0.00707475 100
0.0070759 100
0.007076 0
0.0071234 0
0.0071235 96.8413
0.00712453 96.8413
0.00712463 102.885
0.00712589 102.885
0.00712599 0
0.0071734 0
0.0071735 102.885
0.00717476 102.885
0.00717486 96.8413
0.00717589 96.8413
0.00717599 0
0.0072234 0
0.0072235 93.4172
0.00722441 93.4172
0.00722451 105.487
0.00722588 105.487
0.00722598 0
0.0072734 0
0.0072735 105.487
0.00727486 105.487
0.00727496 93.4172
0.00727588 93.4172
0.00727598 0
0.0073234 0
0.0073235 89.7371
0.00732429 89.7371
0.00732439 107.801
0.00732586 107.801
0.00732596 0
0.0073734 0
0.0073735 107.801
0.00737497 107.801
0.00737507 89.7371
0.00737587 89.7371
0.00737597 0
0.00742341 0
0.00742351 85.811
0.00742418 85.811
0.00742428 109.819
0.00742585 109.819
0.00742595 0
0.00747341 0
0.00747351 109.819
0.00747508 109.819
0.00747518 85.811
0.00747585 85.811
0.00747595 0
0.00752342 0
0.00752352 81.6497
0.00752406 81.6497
0.00752416 111.536
0.00752583 111.536
0.00752593 0
0.00757342 0
0.00757352 111.536
0.00757518 111.536
0.00757528 81.6497
0.00757583 81.6497
0.00757593 0
0.00762343 0
0.00762353 77.2645
0.00762395 77.2645
0.00762405 112.947
0.0076258 112.947
0.0076259 0
0.00767343 0
0.00767353 112.947
0.00767529 112.947
0.00767539 77.2645
0.0076758 77.2645
0.0076759 0
0.00772345 0
0.00772355 72.6677
0.00772384 72.6677
0.00772394 114.048
0.00772578 114.048
0.00772588 0
0.00777345 0
0.00777355 114.048
0.00777539 114.048
0.00777549 72.6677
0.00777578 72.6677
0.00777588 0
0.00782347 0
0.00782357 67.8716
0.00782373 67.8716
0.00782383 114.837
0.00782575 114.837
0.00782585 0
0.00787347 0
0.00787357 114.837
0.00787549 114.837
0.00787559 67.8716
0.00787575 67.8716
0.00787585 0
0.00792349 0
0.00792359 62.8895
0.00792362 62.8895
0.00792372 115.312
0.00792571 115.312
0.00792581 0
0.00797349 0
0.00797359 115.312
0.00797559 115.312
0.00797569 62.8895
0.00797572 62.8895
0.00797582 0
0.00802351 0
0.00802361 115.47
0.00802568 115.47
0.00802578 0
0.00807352 0
0.00807362 115.47
0.00807569 115.47
0.00807579 0
0.0080996 0
0.0080997 7.10543e-15
0.00812348 7.10543e-15
0.00812358 62.8895
0.00812361 62.8895
0.00812371 115.312
0.00812571 115.312
0.00812581 -7.10543e-15
0.00817349 -7.10543e-15
0.00817359 115.312
0.00817558 115.312
0.00817568 62.8895
0.00817571 62.8895
0.00817581 7.10543e-15
0.00819959 7.10543e-15
0.00819969 0
0.00822345 0
0.00822355 67.8716
0.00822371 67.8716
0.00822381 114.837
0.00822573 114.837
0.00822583 0
0.00827345 0
0.00827355 114.837
0.00827547 114.837
0.00827557 67.8716
0.00827573 67.8716
0.00827583 0
0.00829959 0
0.00829969 7.10543e-15
0.00832342 7.10543e-15
0.00832352 72.6677
0.00832381 72.6677
0.00832391 114.048
0.00832575 114.048
0.00832585 -7.10543e-15
0.00837342 -7.10543e-15
0.00837352 114.048
0.00837536 114.048
0.00837546 72.6677
0.00837575 72.6677
0.00837585 7.10543e-15
0.00839958 7.10543e-15
0.00839968 -7.10543e-15
0.0084234 -7.10543e-15
0.0084235 77.2645
0.00842391 77.2645
0.00842401 112.947
0.00842577 112.947
0.00842587 7.10543e-15
0.0084734 7.10543e-15
0.0084735 112.947
0.00847525 112.947
0.00847535 77.2645
0.00847577 77.2645
0.00847587 -7.10543e-15
0.00849958 -7.10543e-15
0.00849968 0
0.00852337 0
0.00852347 81.6497
0.00852402 81.6497
0.00852412 111.536
0.00852578 111.536
0.00852588 0
0.00857337 0
0.00857347 111.536
0.00857514 111.536
0.00857524 81.6497
0.00857578 81.6497
0.00857588 0
0.00862335 0
0.00862345 85.811
0.00862412 85.811
0.00862422 109.819
0.00862579 109.819
0.00862589 0
0.00867335 0
0.00867345 109.819
0.00867502 109.819
0.00867512 85.811
0.00867579 85.811
0.00867589 0
0.00872333 0
0.00872343 89.7371
0.00872423 89.7371
0.00872433 107.801
0.0087258 107.801
0.0087259 0
0.00877334 0
0.00877344 107.801
0.00877491 107.801
0.00877501 89.7371
0.0087758 89.7371
0.0087759 0
0.00879956 0
0.00879966 -7.10543e-15
0.00882332 -7.10543e-15
0.00882342 93.4172
0.00882434 93.4172
0.00882444 105.487
0.0088258 105.487
0.0088259 7.10543e-15
0.00887332 7.10543e-15
0.00887342 105.487
0.00887479 105.487
0.00887489 93.4172
0.0088758 93.4172
0.0088759 -7.10543e-15
0.00889956 -7.10543e-15
0.00889966 7.10543e-15
0.00892331 7.10543e-15
0.00892341 96.8413
0.00892444 96.8413
0.00892454 102.885
0.0089258 102.885
0.0089259 -7.10543e-15
0.00897331 -7.10543e-15
0.00897341 102.885
0.00897467 102.885
0.00897477 96.8413
0.0089758 96.8413
0.0089759 7.10543e-15
0.00899955 7.10543e-15
0.00899965 -7.10543e-15
0.00902331 -7.10543e-15
0.00902341 100
0.00902455 100
0.00902465 100
0.0090258 100
0.0090259 7.10543e-15
0.00907331 7.10543e-15
0.00907341 100
0.00907455 100
0.00907465 100
0.0090758 100
0.0090759 -7.10543e-15
0.00909955 -7.10543e-15
0.00909965 0
0.0091233 0
0.0091234 102.885
0.00912466 102.885
0.00912476 96.8413
0.00912579 96.8413
0.00912589 0
0.0091733 0
0.0091734 96.8413
0.00917443 96.8413
0.00917453 102.885
0.00917579 102.885
0.00917589 0
0.00919954 0
0.00919964 -7.10543e-15
0.0092233 -7.10543e-15
0.0092234 105.487
0.00922477 105.487
0.00922487 93.4172
0.00922578 93.4172
0.00922588 7.10543e-15
0.0092733 7.10543e-15
0.0092734 93.4172
0.00927432 93.4172
0.00927442 105.487
0.00927578 105.487
0.00927588 -7.10543e-15
0.0093233 -7.10543e-15
0.0093234 107.801
0.00932487 107.801
0.00932497 89.7371
0.00932577 89.7371
0.00932587 7.10543e-15
0.00937331 7.10543e-15
0.00937341 89.7371
0.0093742 89.7371
0.0093743 107.801
0.00937577 107.801
0.00937587 -7.10543e-15
0.00942331 -7.10543e-15
0.00942341 109.819
0.00942498 109.819
0.00942508 85.811
0.00942575 85.811
0.00942585 7.10543e-15
0.00947331 7.10543e-15
0.00947341 85.811
0.00947408 85.811
0.00947418 109.819
0.00947575 109.819
0.00947585 -7.10543e-15
0.00949953 -7.10543e-15
0.00949963 7.10543e-15
0.00952332 7.10543e-15
0.00952342 111.536
0.00952509 111.536
0.00952519 81.6497
0.00952573 81.6497
0.00952583 -7.10543e-15
0.00957332 -7.10543e-15
0.00957342 81.6497
0.00957397 81.6497
0.00957407 111.536
0.00957573 111.536
0.00957583 7.10543e-15
0.00959952 7.10543e-15
0.00959962 0
0.00962334 0
0.00962344 112.947
0.00962519 112.947
0.00962529 77.2645
0.00962571 77.2645
0.00962581 0
0.00967334 0
0.00967344 77.2645
0.00967385 77.2645
0.00967395 112.947
0.00967571 112.947
0.00967581 0
0.00969952 0
0.00969962 -7.10543e-15
0.00972335 -7.10543e-15
0.00972345 114.048
0.00972529 114.048
0.00972539 72.6677
0.00972568 72.6677
0.00972578 7.10543e-15
0.00977335 7.10543e-15
0.00977345 72.6677
0.00977374 72.6677
0.00977384 114.048
0.00977568 114.048
0.00977578 -7.10543e-15
0.00979951 -7.10543e-15
0.00979961 0
0.00982337 0
0.00982347 114.837
0.00982539 114.837
0.00982549 67.8716
0.00982565 67.8716
0.00982575 0
0.00987337 0
0.00987347 67.8716
0.00987363 67.8716
0.00987373 114.837
0.00987565 114.837
0.00987575 0
0.00992339 0
0.00992349 115.312
0.00992549 115.312
0.00992559 62.8895
0.00992562 62.8895
0.00992572 0
0.0099734 0
0.0099735 62.8895
0.00997353 62.8895
0.00997363 115.312
0.00997562 115.312
0.00997572 0
0.0100234 0
0.0100235 115.47
0.0100256 115.47
0.0100257 0
0.0100734 0
0.0100735 115.47
0.0100756 115.47
0.0100757 0
0.0100995 0
0.0100996 -3.55271e-15
0.0101234 -3.55271e-15
0.0101235 115.312
0.0101255 115.312
0.0101256 62.8895
0.0101256 62.8895
0.0101257 3.55271e-15
0.0101734 3.55271e-15
0.0101735 62.8895
0.0101735 62.8895
0.0101736 115.312
0.0101756 115.312
0.0101757 -3.55271e-15
0.0101995 -3.55271e-15
0.0101996 0
0.0102234 0
0.0102235 114.837
0.0102254 114.837
0.0102255 67.8716
0.0102256 67.8716
0.0102257 0
0.0102734 0
0.0102735 67.8716
0.0102736 67.8716
0.0102737 114.837
0.0102756 114.837
0.0102757 0
0.0102995 0
0.0102996 -3.55271e-15
0.0103233 -3.55271e-15
0.0103234 114.048
0.0103253 114.048
0.0103254 72.6677
0.0103257 72.6677
0.0103258 3.55271e-15
0.0103733 3.55271e-15
0.0103734 72.6677
0.0103737 72.6677
0.0103738 114.048
0.0103757 114.048
0.0103758 -3.55271e-15
0.0103995 -3.55271e-15
0.0103996 3.55271e-15
0.0104233 3.55271e-15
0.0104234 112.947
0.0104252 112.947
0.0104253 77.2645
0.0104257 77.2645
0.0104258 -3.55271e-15
0.0104733 -3.55271e-15
0.0104734 77.2645
0.0104738 77.2645
0.0104739 112.947
0.0104757 112.947
0.0104758 3.55271e-15
0.0104995 3.55271e-15
0.0104996 0
0.0105233 0
0.0105234 111.536
0.010525 111.536
0.0105251 81.6497
0.0105257 81.6497
0.0105258 0
0.0105733 0
0.0105734 81.6497
0.0105739 81.6497
0.010574 111.536
0.0105757 111.536
0.0105758 0
0.0105995 0
0.0105996 3.55271e-15
0.0106233 3.55271e-15
0.0106234 109.819
0.0106249 109.819
0.010625 85.811
0.0106257 85.811
0.0106258 -3.55271e-15
0.0106733 -3.55271e-15
0.0106734 85.811
0.010674 85.811
0.0106741 109.819
0.0106757 109.819
0.0106758 3.55271e-15
0.0106995 3.55271e-15
0.0106996 0
0.0107232 0
0.0107233 107.801
0.0107248 107.801
0.0107249 89.7371
0.0107257 89.7371
0.0107258 0
0.0107732 0
0.0107733 89.7371
0.0107741 89.7371
0.0107742 107.801
0.0107757 107.801
0.0107758 0
0.0108232 0
0.0108233 105.487
0.0108247 105.487
0.0108248 93.4172
0.0108257 93.4172
0.0108258 0
0.0108732 0
0.0108733 93.4172
0.0108742 93.4172
0.0108743 105.487
0.0108757 105.487
0.0108758 0
0.0109232 0
0.0109233 102.885
0.0109246 102.885
0.0109247 96.8413
0.0109257 96.8413
0.0109258 0
0.0109732 0
0.0109733 96.8413
0.0109743 96.8413
0.0109744 102.885
0.0109757 102.885
0.0109758 0
0.0109995 0
0.0109996 3.55271e-15
0.0110232 3.55271e-15
0.0110233 100
0.0110244 100
0.0110245 100
0.0110257 100
0.0110258 -3.55271e-15
0.0110732 -3.55271e-15
0.0110733 100
0.0110745 100
0.0110746 100
0.0110757 100
0.0110758 3.55271e-15
0.0110994 3.55271e-15
0.0110995 0
0.0111232 0
0.0111233 96.8413
0.0111243 96.8413
0.0111244 102.885
0.0111257 102.885
0.0111258 0
0.0111732 0
0.0111733 102.885
0.0111746 102.885
0.0111747 96.8413
0.0111757 96.8413
0.0111758 0
0.0112232 0
0.0112233 93.4172
0.0112242 93.4172
0.0112243 105.487
0.0112257 105.487
0.0112258 0
0.0112732 0
0.0112733 105.487
0.0112747 105.487
0.0112748 93.4172
0.0112757 93.4172
0.0112758 0
0.0112994 0
0.0112995 3.55271e-15
0.0113232 3.55271e-15
0.0113233 89.7371
0.0113241 89.7371
0.0113242 107.801
0.0113257 107.801
0.0113258 -3.55271e-15
0.0113732 -3.55271e-15
0.0113733 107.801
0.0113748 107.801
0.0113749 89.7371
0.0113757 89.7371
0.0113758 3.55271e-15
0.0113994 3.55271e-15
0.0113995 -1.77636e-15
0.0114232 -1.77636e-15
0.0114233 85.811
0.011424 85.811
0.0114241 109.819
0.0114257 109.819
0.0114258 1.77636e-15
0.0114732 1.77636e-15
0.0114733 109.819
0.0114749 109.819
0.011475 85.811
0.0114757 85.811
0.0114758 -1.77636e-15
0.0115232 -1.77636e-15
0.0115233 81.6497
0.0115239 81.6497
0.011524 111.536
0.0115256 111.536
0.0115257 1.77636e-15
0.0115732 1.77636e-15
0.0115733 111.536
0.011575 111.536
0.0115751 81.6497
0.0115756 81.6497
0.0115757 -1.77636e-15
0.0115994 -1.77636e-15
0.0115995 0
0.0116232 0
0.0116233 77.2645
0.0116238 77.2645
0.0116239 112.947
0.0116256 112.947
0.0116257 0
0.0116732 0
0.0116733 112.947
0.0116751 112.947
0.0116752 77.2645
0.0116756 77.2645
0.0116757 0
0.0117233 0
0.0117234 72.6677
0.0117236 72.6677
0.0117237 114.048
0.0117256 114.048
0.0117257 0
0.0117733 0
0.0117734 114.048
0.0117752 114.048
0.0117753 72.6677
0.0117756 72.6677
0.0117757 0
0.0117994 0
0.0117995 3.55271e-15
0.0118233 3.55271e-15
0.0118234 67.8716
0.0118235 67.8716
0.0118236 114.837
0.0118256 114.837
0.0118257 -3.55271e-15
0.0118733 -3.55271e-15
0.0118734 114.837
0.0118753 114.837
0.0118754 67.8716
0.0118756 67.8716
0.0118757 3.55271e-15
0.0118994 3.55271e-15
0.0118995 0
0.0119233 0
0.0119234 62.8895
0.0119234 62.8895
0.0119235 115.312
0.0119255 115.312
0.0119256 0
0.0119733 0
0.0119734 115.312
0.0119754 115.312
0.0119755 62.8895
0.0119755 62.8895
0.0119756 0
0.0119994 0
