5e-09 0
1.2555e-05 0
1.2655e-05 57.735
1.9025e-05 57.735
1.9125e-05 115.47
3.744e-05 115.47
3.754e-05 0
6.256e-05 0
6.266e-05 115.47
8.0975e-05 115.47
8.1075e-05 57.735
8.7445e-05 57.735
8.7545e-05 0
0.00011239 0
0.00011249 62.8895
0.00012016 62.8895
0.00012026 115.312
0.0001376 115.312
0.0001377 0
0.00016239 0
0.00016249 115.312
0.00017983 115.312
0.00017993 62.8895
0.0001876 62.8895
0.0001877 0
0.000212255 0
0.000212355 67.8716
0.0002213 67.8716
0.0002214 114.837
0.00023772 114.837
0.00023782 0
0.00026226 0
0.00026236 114.837
0.00027868 114.837
0.00027878 67.8716
0.000287725 67.8716
0.000287825 0
0.000312155 0
0.000312255 72.6677
0.000322455 72.6677
0.000322555 114.048
0.00033781 114.048
0.00033791 0
0.00036216 0
0.00036226 114.048
0.000377515 114.048
0.000377615 72.6677
0.000387815 72.6677
0.000387915 0
0.000412095 0
0.000412195 77.2645
0.00042362 77.2645
0.00042372 112.947
0.000437865 112.947
0.000437965 0
0.000462095 0
0.000462195 112.947
0.00047634 112.947
0.00047644 77.2645
0.000487865 77.2645
0.000487965 0
0.000512065 0
0.000512165 81.6497
0.000524785 81.6497
0.000524885 111.536
0.000537885 111.536
0.000537985 0
0.000562065 0
0.000562165 111.536
0.000575165 111.536
0.000575265 81.6497
0.000587885 81.6497
0.000587985 0
0.000612075 0
0.000612175 85.811
0.00062595 85.811
0.00062605 109.819
0.000637865 109.819
0.000637965 0
0.000662075 0
0.000662175 109.819
0.00067399 109.819
0.00067409 85.811
0.000687865 85.811
0.000687965 0
0.000712115 0
0.000712215 89.7371
0.00072711 89.7371
0.00072721 107.801
0.00073781 107.801
0.00073791 0
0.00076212 0
0.00076222 107.801
0.00077282 107.801
0.00077292 89.7371
0.000787815 89.7371
0.000787915 0
0.000812195 0
0.000812295 93.4172
0.00082827 93.4172
0.00082837 105.487
0.000837725 105.487
0.000837825 0
0.000862195 0
0.000862295 105.487
0.00087165 105.487
0.00087175 93.4172
0.000887725 93.4172
0.000887825 0
0.000912305 0
0.000912405 96.8413
0.000929415 96.8413
0.000929515 102.885
0.0009376 102.885
0.0009377 0
0.00096231 0
0.00096241 102.885
0.000970495 102.885
0.000970595 96.8413
0.000987605 96.8413
0.000987705 0
0.00101245 0
0.00101255 100
0.00103744 100
0.00103754 0
0.00106245 0
0.00106255 100
0.00108745 100
0.00108755 0
0.00111263 0
0.00111273 102.885
0.00113167 102.885
0.00113177 96.8413
0.00113725 96.8413
0.00113735 0
0.00116263 0
0.00116273 96.8413
0.00116821 96.8413
0.00116831 102.885
0.00118725 102.885
0.00118735 0
0.00121285 0
0.00121295 105.487
0.00123277 105.487
0.00123287 93.4172
0.00123703 93.4172
0.00123713 0
0.00126285 0
0.00126295 93.4172
0.0012671 93.4172
0.0012672 105.487
0.00128703 105.487
0.00128713 0
0.00131309 0
0.00131319 107.801
0.00133385 107.801
0.00133395 89.7371
0.00133677 89.7371
0.00133687 0
0.0013631 0
0.0013632 89.7371
0.00136601 89.7371
0.00136611 107.801
0.00138677 107.801
0.00138687 0
0.00141337 0
0.00141347 109.819
0.00143491 109.819
0.00143501 85.811
0.00143648 85.811
0.00143658 0
0.00146338 0
0.00146348 85.811
0.00146495 85.811
0.00146505 109.819
0.00148648 109.819
0.00148658 0
0.00151369 0
0.00151379 111.536
0.00153594 111.536
0.00153604 81.6497
0.00153616 81.6497
0.00153626 0
0.00156369 0
0.00156379 81.6497
0.00156391 81.6497
0.00156401 111.536
0.00158616 111.536
0.00158626 0
0.00161346 0
0.00161356 112.947
0.00163524 112.947
0.00163534 35.6822
0.00163637 35.6822
0.00163647 0
0.00166347 0
0.00166357 35.6822
0.0016646 35.6822
0.0016647 112.947
0.00168637 112.947
0.00168647 0
0.00171316 0
0.00171326 114.048
0.00173418 114.048
0.00173428 41.3808
0.00173666 41.3808
0.00173676 0
0.00176317 0
0.00176327 41.3808
0.00176564 41.3808
0.00176574 114.048
0.00178666 114.048
0.00178676 0
0.00181289 0
0.00181299 114.837
0.0018331 114.837
0.0018332 46.9659
0.00183692 46.9659
0.00183702 0
0.0018629 0
0.001863 46.9659
0.00186672 46.9659
0.00186682 114.837
0.00188692 114.837
0.00188702 0
0.00191266 0
0.00191276 115.312
0.00193199 115.312
0.00193209 52.4223
0.00193714 52.4223
0.00193724 0
0.00196266 0
0.00196276 52.4223
0.00196781 52.4223
0.00196791 115.312
0.00198715 115.312
0.00198725 0
0.00201245 0
0.00201255 115.47
0.00203087 115.47
0.00203097 57.735
0.00203734 57.735
0.00203744 0
0.00206246 0
0.00206256 57.735
0.00206893 57.735
0.00206903 115.47
0.00208734 115.47
0.00208744 0
0.00209989 0
0.00209999 7.10543e-15
0.00211229 7.10543e-15
0.00211239 115.312
0.00212973 115.312
0.00212983 62.8895
0.0021375 62.8895
0.0021376 -7.10543e-15
0.00216229 -7.10543e-15
0.00216239 62.8895
0.00217006 62.8895
0.00217016 115.312
0.0021875 115.312
0.0021876 7.10543e-15
0.00219989 7.10543e-15
0.00219999 0
0.00221215 0
0.00221225 114.837
0.00222857 114.837
0.00222867 67.8716
0.00223762 67.8716
0.00223772 0
0.00226216 0
0.00226226 67.8716
0.0022712 67.8716
0.0022713 114.837
0.00228762 114.837
0.00228772 0
0.00229988 0
0.00229998 7.10543e-15
0.00231205 7.10543e-15
0.00231215 114.048
0.00232741 114.048
0.00232751 72.6677
0.00233771 72.6677
0.00233781 -7.10543e-15
0.00236206 -7.10543e-15
0.00236216 72.6677
0.00237236 72.6677
0.00237246 114.048
0.00238771 114.048
0.00238781 7.10543e-15
0.00241199 7.10543e-15
0.00241209 112.947
0.00242624 112.947
0.00242634 77.2645
0.00243776 77.2645
0.00243786 -7.10543e-15
0.00246199 -7.10543e-15
0.00246209 77.2645
0.00247352 77.2645
0.00247362 112.947
0.00248776 112.947
0.00248786 7.10543e-15
0.00249987 7.10543e-15
0.00249997 -7.10543e-15
0.00251196 -7.10543e-15
0.00251206 111.536
0.00252506 111.536
0.00252516 81.6497
0.00253778 81.6497
0.00253788 7.10543e-15
0.00256196 7.10543e-15
0.00256206 81.6497
0.00257468 81.6497
0.00257478 111.536
0.00258778 111.536
0.00258788 -7.10543e-15
0.00259987 -7.10543e-15
0.00259997 0
0.00261197 0
0.00261207 109.819
0.00262389 109.819
0.00262399 85.811
0.00263776 85.811
0.00263786 0
0.00266197 0
0.00266207 85.811
0.00267585 85.811
0.00267595 109.819
0.00268776 109.819
0.00268786 0
0.00269986 0
0.00269996 -7.10543e-15
0.00271201 -7.10543e-15
0.00271211 107.801
0.00272271 107.801
0.00272281 89.7371
0.00273771 89.7371
0.00273781 7.10543e-15
0.00276202 7.10543e-15
0.00276212 89.7371
0.00277701 89.7371
0.00277711 107.801
0.00278771 107.801
0.00278781 -7.10543e-15
0.00281209 -7.10543e-15
0.00281219 105.487
0.00282155 105.487
0.00282165 93.4172
0.00283762 93.4172
0.00283772 7.10543e-15
0.00286209 7.10543e-15
0.00286219 93.4172
0.00287817 93.4172
0.00287827 105.487
0.00288762 105.487
0.00288772 -7.10543e-15
0.00289985 -7.10543e-15
0.00289995 0
0.0029122 0
0.0029123 102.885
0.00292039 102.885
0.00292049 96.8413
0.0029375 96.8413
0.0029376 0
0.00296221 0
0.00296231 96.8413
0.00297932 96.8413
0.00297942 102.885
0.0029875 102.885
0.0029876 0
0.00299985 0
0.00299995 7.10543e-15
0.00301235 7.10543e-15
0.00301245 100
0.00301924 100
0.00301934 100
0.00303734 100
0.00303744 -7.10543e-15
0.00306235 -7.10543e-15
0.00306245 100
0.00308045 100
0.00308055 100
0.00308735 100
0.00308745 7.10543e-15
0.00309984 7.10543e-15
0.00309994 0
0.00311253 0
0.00311263 96.8413
0.00311811 96.8413
0.00311821 102.885
0.00313715 102.885
0.00313725 0
0.00316253 0
0.00316263 102.885
0.00318157 102.885
0.00318167 96.8413
0.00318715 96.8413
0.00318725 0
0.00321275 0
0.00321285 93.4172
0.003217 93.4172
0.0032171 105.487
0.00323693 105.487
0.00323703 0
0.00326275 0
0.00326285 105.487
0.00328267 105.487
0.00328277 93.4172
0.00328693 93.4172
0.00328703 0
0.00329983 0
0.00329993 7.10543e-15
0.00331299 7.10543e-15
0.00331309 89.7371
0.00331591 89.7371
0.00331601 107.801
0.00333667 107.801
0.00333677 -7.10543e-15
0.003363 -7.10543e-15
0.0033631 107.801
0.00338376 107.801
0.00338386 89.7371
0.00338667 89.7371
0.00338677 7.10543e-15
0.00339983 7.10543e-15
0.00339993 0
0.00341327 0
0.00341337 85.811
0.00341484 85.811
0.00341494 109.819
0.00343638 109.819
0.00343648 0
0.00346328 0
0.00346338 109.819
0.00348481 109.819
0.00348491 85.811
0.00348638 85.811
0.00348648 0
0.00351359 0
0.00351369 81.6497
0.00351381 81.6497
0.00351391 111.536
0.00353606 111.536
0.00353616 0
0.00356359 0
0.00356369 111.536
0.00358584 111.536
0.00358594 81.6497
0.00358606 81.6497
0.00358616 0
0.00361336 0
0.00361346 35.6822
0.00361449 35.6822
0.00361459 112.947
0.00363627 112.947
0.00363637 0
0.00366337 0
0.00366347 112.947
0.00368514 112.947
0.00368524 35.6822
0.00368627 35.6822
0.00368637 0
0.00371306 0
0.00371316 41.3808
0.00371554 41.3808
0.00371564 114.048
0.00373656 114.048
0.00373666 0
0.00376307 0
0.00376317 114.048
0.00378409 114.048
0.00378419 41.3808
0.00378656 41.3808
0.00378666 0
0.00381279 0
0.00381289 46.9659
0.00381661 46.9659
0.00381671 114.837
0.00383682 114.837
0.00383692 0
0.0038628 0
0.0038629 114.837
0.003883 114.837
0.0038831 46.9659
0.00388682 46.9659
0.00388692 0
0.0038998 0
0.0038999 -3.55271e-15
0.00391256 -3.55271e-15
0.00391266 52.4223
0.00391771 52.4223
0.00391781 115.312
0.00393704 115.312
0.00393714 3.55271e-15
0.00396256 3.55271e-15
0.00396266 115.312
0.0039819 115.312
0.003982 52.4223
0.00398705 52.4223
0.00398715 -3.55271e-15
0.00401235 -3.55271e-15
0.00401245 57.735
0.00401882 57.735
0.00401892 115.47
0.00403724 115.47
0.00403734 3.55271e-15
0.00406236 3.55271e-15
0.00406246 115.47
0.00408077 115.47
0.00408087 57.735
0.00408724 57.735
0.00408734 -3.55271e-15
0.00409979 -3.55271e-15
0.00409989 3.55271e-15
0.00411219 3.55271e-15
0.00411229 62.8895
0.00411996 62.8895
0.00412006 115.312
0.0041374 115.312
0.0041375 -3.55271e-15
0.00416219 -3.55271e-15
0.00416229 115.312
0.00417963 115.312
0.00417973 62.8895
0.0041874 62.8895
0.0041875 3.55271e-15
0.00421205 3.55271e-15
0.00421215 67.8716
0.0042211 67.8716
0.0042212 114.837
0.00423752 114.837
0.00423762 -3.55271e-15
0.00426206 -3.55271e-15
0.00426216 114.837
0.00427848 114.837
0.00427858 67.8716
0.00428752 67.8716
0.00428762 3.55271e-15
0.00429978 3.55271e-15
0.00429988 -3.55271e-15
0.00431195 -3.55271e-15
0.00431205 72.6677
0.00432225 72.6677
0.00432235 114.048
0.00433761 114.048
0.00433771 3.55271e-15
0.00436196 3.55271e-15
0.00436206 114.048
0.00437731 114.048
0.00437741 72.6677
0.00438761 72.6677
0.00438771 -3.55271e-15
0.00439978 -3.55271e-15
0.00439988 3.55271e-15
0.00441189 3.55271e-15
0.00441199 77.2645
0.00442342 77.2645
0.00442352 112.947
0.00443766 112.947
0.00443776 -3.55271e-15
0.00446189 -3.55271e-15
0.00446199 112.947
0.00447614 112.947
0.00447624 77.2645
0.00448766 77.2645
0.00448776 3.55271e-15
0.00449977 3.55271e-15
0.00449987 0
0.00451186 0
0.00451196 81.6497
0.00452458 81.6497
0.00452468 111.536
0.00453768 111.536
0.00453778 0
0.00456186 0
0.00456196 111.536
0.00457496 111.536
0.00457506 81.6497
0.00458768 81.6497
0.00458778 0
0.00459977 0
0.00459987 3.55271e-15
0.00461187 3.55271e-15
0.00461197 85.811
0.00462575 85.811
0.00462585 109.819
0.00463766 109.819
0.00463776 -3.55271e-15
0.00466187 -3.55271e-15
0.00466197 109.819
0.00467379 109.819
0.00467389 85.811
0.00468766 85.811
0.00468776 3.55271e-15
0.00471191 3.55271e-15
0.00471201 89.7371
0.00472691 89.7371
0.00472701 107.801
0.00473761 107.801
0.00473771 -3.55271e-15
0.00476192 -3.55271e-15
0.00476202 107.801
0.00477262 107.801
0.00477272 89.7371
0.00478761 89.7371
0.00478771 3.55271e-15
0.00479976 3.55271e-15
0.00479986 -3.55271e-15
0.00481199 -3.55271e-15
0.00481209 93.4172
0.00482807 93.4172
0.00482817 105.487
0.00483752 105.487
0.00483762 3.55271e-15
0.00486199 3.55271e-15
0.00486209 105.487
0.00487145 105.487
0.00487155 93.4172
0.00488752 93.4172
0.00488762 -3.55271e-15
0.00489975 -3.55271e-15
0.00489985 3.55271e-15
0.0049121 3.55271e-15
0.0049122 96.8413
0.00492921 96.8413
0.00492931 102.885
0.0049374 102.885
0.0049375 -3.55271e-15
0.00496211 -3.55271e-15
0.00496221 102.885
0.00497029 102.885
0.00497039 96.8413
0.0049874 96.8413
0.0049875 3.55271e-15
0.00499975 3.55271e-15
0.00499985 0
0.00501225 0
0.00501235 100
0.00503035 100
0.00503045 100
0.00503724 100
0.00503734 0
0.00506225 0
0.00506235 100
0.00506915 100
0.00506925 100
0.00508725 100
0.00508735 0
0.00509974 0
0.00509984 3.55271e-15
0.00511243 3.55271e-15
0.00511253 102.885
0.00513147 102.885
0.00513157 96.8413
0.00513705 96.8413
0.00513715 -3.55271e-15
0.00516243 -3.55271e-15
0.00516253 96.8413
0.00516801 96.8413
0.00516811 102.885
0.00518705 102.885
0.00518715 3.55271e-15
0.00519974 3.55271e-15
0.00519984 0
0.00521265 0
0.00521275 105.487
0.00523257 105.487
0.00523267 93.4172
0.00523683 93.4172
0.00523693 0
0.00526265 0
0.00526275 93.4172
0.0052669 93.4172
0.005267 105.487
0.00528683 105.487
0.00528693 0
0.00529973 0
0.00529983 -3.55271e-15
0.00531289 -3.55271e-15
0.00531299 107.801
0.00533365 107.801
0.00533375 89.7371
0.00533657 89.7371
0.00533667 3.55271e-15
0.0053629 3.55271e-15
0.005363 89.7371
0.00536581 89.7371
0.00536591 107.801
0.00538657 107.801
0.00538667 -3.55271e-15
0.00541317 -3.55271e-15
0.00541327 109.819
0.00543471 109.819
0.00543481 85.811
0.00543628 85.811
0.00543638 3.55271e-15
0.00546318 3.55271e-15
0.00546328 85.811
0.00546475 85.811
0.00546485 109.819
0.00548628 109.819
0.00548638 -3.55271e-15
0.00549972 -3.55271e-15
0.00549982 1.77636e-15
0.00551349 1.77636e-15
0.00551359 111.536
0.00553574 111.536
0.00553584 81.6497
0.00553596 81.6497
0.00553606 -1.77636e-15
0.00556349 -1.77636e-15
0.00556359 81.6497
0.00556371 81.6497
0.00556381 111.536
0.00558596 111.536
0.00558606 1.77636e-15
0.00559972 1.77636e-15
0.00559982 0
0.00561326 0
0.00561336 112.947
0.00563504 112.947
0.00563514 35.6822
0.00563617 35.6822
0.00563627 0
0.00566327 0
0.00566337 35.6822
0.0056644 35.6822
0.0056645 112.947
0.00568617 112.947
0.00568627 0
0.00569971 0
0.00569981 3.55271e-15
0.00571296 3.55271e-15
0.00571306 114.048
0.00573398 114.048
0.00573408 41.3808
0.00573646 41.3808
0.00573656 -3.55271e-15
0.00576297 -3.55271e-15
0.00576307 41.3808
0.00576544 41.3808
0.00576554 114.048
0.00578646 114.048
0.00578656 3.55271e-15
0.00579971 3.55271e-15
0.00579981 -3.55271e-15
0.00581269 -3.55271e-15
0.00581279 114.837
0.0058329 114.837
0.005833 46.9659
0.00583672 46.9659
0.00583682 3.55271e-15
0.0058627 3.55271e-15
0.0058628 46.9659
0.00586652 46.9659
0.00586662 114.837
0.00588672 114.837
0.00588682 -3.55271e-15
0.0058997 -3.55271e-15
0.0058998 0
0.00591246 0
0.00591256 115.312
0.00593179 115.312
0.00593189 52.4223
0.00593694 52.4223
0.00593704 0
0.00596246 0
0.00596256 52.4223
0.00596761 52.4223
0.00596771 115.312
0.00598695 115.312
0.00598705 0
0.00601225 0
0.00601235 115.47
0.00603067 115.47
0.00603077 57.735
0.00603714 57.735
0.00603724 0
0.00606226 0
0.00606236 57.735
0.00606873 57.735
0.00606883 115.47
0.00608714 115.47
0.00608724 0
0.00611209 0
0.00611219 115.312
0.00612953 115.312
0.00612963 62.8895
0.0061373 62.8895
0.0061374 0
0.00616209 0
0.00616219 62.8895
0.00616986 62.8895
0.00616996 115.312
0.0061873 115.312
0.0061874 0
0.00619969 0
0.00619979 7.10543e-15
0.00621195 7.10543e-15
0.00621205 114.837
0.00622837 114.837
0.00622847 67.8716
0.00623742 67.8716
0.00623752 -7.10543e-15
0.00626196 -7.10543e-15
0.00626206 67.8716
0.006271 67.8716
0.0062711 114.837
0.00628742 114.837
0.00628752 7.10543e-15
0.00629968 7.10543e-15
0.00629978 0
0.00631185 0
0.00631195 114.048
0.00632721 114.048
0.00632731 72.6677
0.00633751 72.6677
0.00633761 0
0.00636186 0
0.00636196 72.6677
0.00637216 72.6677
0.00637226 114.048
0.00638751 114.048
0.00638761 0
0.00641179 0
0.00641189 112.947
0.00642604 112.947
0.00642614 77.2645
0.00643756 77.2645
0.00643766 0
0.00646179 0
0.00646189 77.2645
0.00647332 77.2645
0.00647342 112.947
0.00648756 112.947
0.00648766 0
0.00651176 0
0.00651186 111.536
0.00652486 111.536
0.00652496 81.6497
0.00653758 81.6497
0.00653768 0
0.00656176 0
0.00656186 81.6497
0.00657448 81.6497
0.00657458 111.536
0.00658758 111.536
0.00658768 0
0.00661177 0
0.00661187 109.819
0.00662369 109.819
0.00662379 85.811
0.00663756 85.811
0.00663766 0
0.00666177 0
0.00666187 85.811
0.00667565 85.811
0.00667575 109.819
0.00668756 109.819
0.00668766 0
0.00671181 0
0.00671191 107.801
0.00672251 107.801
0.00672261 89.7371
0.00673751 89.7371
0.00673761 0
0.00676182 0
0.00676192 89.7371
0.00677681 89.7371
0.00677691 107.801
0.00678751 107.801
0.00678761 0
0.00681189 0
0.00681199 105.487
0.00682135 105.487
0.00682145 93.4172
0.00683742 93.4172
0.00683752 0
0.00686189 0
0.00686199 93.4172
0.00687797 93.4172
0.00687807 105.487
0.00688742 105.487
0.00688752 0
0.006912 0
0.0069121 102.885
0.00692019 102.885
0.00692029 96.8413
0.0069373 96.8413
0.0069374 0
0.00696201 0
0.00696211 96.8413
0.00697912 96.8413
0.00697922 102.885
0.0069873 102.885
0.0069874 0
0.00701215 0
0.00701225 100
0.00701904 100
0.00701914 100
0.00703714 100
0.00703724 0
0.00706215 0
0.00706225 100
0.00708025 100
0.00708035 100
0.00708715 100
0.00708725 0
0.00711233 0
0.00711243 96.8413
0.00711791 96.8413
0.00711801 102.885
0.00713695 102.885
0.00713705 0
0.00716233 0
0.00716243 102.885
0.00718137 102.885
0.00718147 96.8413
0.00718695 96.8413
0.00718705 0
0.00721255 0
0.00721265 93.4172
0.0072168 93.4172
0.0072169 105.487
0.00723673 105.487
0.00723683 0
0.00726255 0
0.00726265 105.487
0.00728247 105.487
0.00728257 93.4172
0.00728673 93.4172
0.00728683 0
0.00731279 0
0.00731289 89.7371
0.00731571 89.7371
0.00731581 107.801
0.00733647 107.801
0.00733657 0
0.0073628 0
0.0073629 107.801
0.00738356 107.801
0.00738366 89.7371
0.00738647 89.7371
0.00738657 0
0.00741307 0
0.00741317 85.811
0.00741464 85.811
0.00741474 109.819
0.00743618 109.819
0.00743628 0
0.00746308 0
0.00746318 109.819
0.00748461 109.819
0.00748471 85.811
0.00748618 85.811
0.00748628 0
0.00751339 0
0.00751349 81.6497
0.00751361 81.6497
0.00751371 111.536
0.00753586 111.536
0.00753596 0
0.00756339 0
0.00756349 111.536
0.00758564 111.536
0.00758574 81.6497
0.00758586 81.6497
0.00758596 0
0.00761316 0
0.00761326 35.6822
0.00761429 35.6822
0.00761439 112.947
0.00763607 112.947
0.00763617 0
0.00766317 0
0.00766327 112.947
0.00768494 112.947
0.00768504 35.6822
0.00768607 35.6822
0.00768617 0
0.00771286 0
0.00771296 41.3808
0.00771534 41.3808
0.00771544 114.048
0.00773636 114.048
0.00773646 0
0.00776287 0
0.00776297 114.048
0.00778389 114.048
0.00778399 41.3808
0.00778636 41.3808
0.00778646 0
0.00781259 0
0.00781269 46.9659
0.00781641 46.9659
0.00781651 114.837
0.00783662 114.837
0.00783672 0
0.0078626 0
0.0078627 114.837
0.0078828 114.837
0.0078829 46.9659
0.00788662 46.9659
0.00788672 0
0.00791236 0
0.00791246 52.4223
0.00791751 52.4223
0.00791761 115.312
0.00793684 115.312
0.00793694 0
0.00796236 0
0.00796246 115.312
0.0079817 115.312
0.0079818 52.4223
0.00798685 52.4223
0.00798695 0
0.00801215 0
0.00801225 57.735
0.00801862 57.735
0.00801872 115.47
0.00803704 115.47
0.00803714 0
0.00806216 0
0.00806226 115.47
0.00808058 115.47
0.00808068 57.735
0.00808705 57.735
0.00808715 0
0.0080996 0
0.0080997 7.10543e-15
0.00811199 7.10543e-15
0.00811209 62.8895
0.00811976 62.8895
0.00811986 115.312
0.0081372 115.312
0.0081373 -7.10543e-15
0.00816199 -7.10543e-15
0.00816209 115.312
0.00817943 115.312
0.00817953 62.8895
0.0081872 62.8895
0.0081873 7.10543e-15
0.00819959 7.10543e-15
0.00819969 0
0.00821186 0
0.00821196 67.8716
0.0082209 67.8716
0.008221 114.837
0.00823732 114.837
0.00823742 0
0.00826186 0
0.00826196 114.837
0.00827828 114.837
0.00827838 67.8716
0.00828733 67.8716
0.00828743 0
0.00829959 0
0.00829969 7.10543e-15
0.00831176 7.10543e-15
0.00831186 72.6677
0.00832206 72.6677
0.00832216 114.048
0.00833741 114.048
0.00833751 -7.10543e-15
0.00836176 -7.10543e-15
0.00836186 114.048
0.00837712 114.048
0.00837722 72.6677
0.00838742 72.6677
0.00838752 7.10543e-15
0.00839958 7.10543e-15
0.00839968 -7.10543e-15
0.0084117 -7.10543e-15
0.0084118 77.2645
0.00842322 77.2645
0.00842332 112.947
0.00843747 112.947
0.00843757 7.10543e-15
0.0084617 7.10543e-15
0.0084618 112.947
0.00847594 112.947
0.00847604 77.2645
0.00848747 77.2645
0.00848757 -7.10543e-15
0.00849958 -7.10543e-15
0.00849968 0
0.00851167 0
0.00851177 81.6497
0.00852439 81.6497
0.00852449 111.536
0.00853749 111.536
0.00853759 0
0.00856167 0
0.00856177 111.536
0.00857477 111.536
0.00857487 81.6497
0.00858749 81.6497
0.00858759 0
0.00861168 0
0.00861178 85.811
0.00862555 85.811
0.00862565 109.819
0.00863747 109.819
0.00863757 0
0.00866168 0
0.00866178 109.819
0.00867359 109.819
0.00867369 85.811
0.00868747 85.811
0.00868757 0
0.00871172 0
0.00871182 89.7371
0.00872671 89.7371
0.00872681 107.801
0.00873741 107.801
0.00873751 0
0.00876172 0
0.00876182 107.801
0.00877242 107.801
0.00877252 89.7371
0.00878742 89.7371
0.00878752 0
0.00879956 0
0.00879966 -7.10543e-15
0.0088118 -7.10543e-15
0.0088119 93.4172
0.00882787 93.4172
0.00882797 105.487
0.00883733 105.487
0.00883743 7.10543e-15
0.0088618 7.10543e-15
0.0088619 105.487
0.00887125 105.487
0.00887135 93.4172
0.00888733 93.4172
0.00888743 -7.10543e-15
0.00889956 -7.10543e-15
0.00889966 7.10543e-15
0.00891191 7.10543e-15
0.00891201 96.8413
0.00892902 96.8413
0.00892912 102.885
0.0089372 102.885
0.0089373 -7.10543e-15
0.00896191 -7.10543e-15
0.00896201 102.885
0.0089701 102.885
0.0089702 96.8413
0.00898721 96.8413
0.00898731 7.10543e-15
0.00899955 7.10543e-15
0.00899965 -7.10543e-15
0.00901205 -7.10543e-15
0.00901215 100
0.00903015 100
0.00903025 100
0.00903705 100
0.00903715 7.10543e-15
0.00906206 7.10543e-15
0.00906216 100
0.00906895 100
0.00906905 100
0.00908705 100
0.00908715 -7.10543e-15
0.00909955 -7.10543e-15
0.00909965 0
0.00911224 0
0.00911234 102.885
0.00913128 102.885
0.00913138 96.8413
0.00913686 96.8413
0.00913696 0
0.00916224 0
0.00916234 96.8413
0.00916782 96.8413
0.00916792 102.885
0.00918686 102.885
0.00918696 0
0.00919954 0
0.00919964 -7.10543e-15
0.00921245 -7.10543e-15
0.00921255 105.487
0.00923238 105.487
0.00923248 93.4172
0.00923663 93.4172
0.00923673 7.10543e-15
0.00926245 7.10543e-15
0.00926255 93.4172
0.00926671 93.4172
0.00926681 105.487
0.00928663 105.487
0.00928673 -7.10543e-15
0.0093127 -7.10543e-15
0.0093128 107.801
0.00933346 107.801
0.00933356 89.7371
0.00933637 89.7371
0.00933647 7.10543e-15
0.0093627 7.10543e-15
0.0093628 89.7371
0.00936562 89.7371
0.00936572 107.801
0.00938638 107.801
0.00938648 -7.10543e-15
0.00941298 -7.10543e-15
0.00941308 109.819
0.00943451 109.819
0.00943461 85.811
0.00943608 85.811
0.00943618 7.10543e-15
0.00946298 7.10543e-15
0.00946308 85.811
0.00946455 85.811
0.00946465 109.819
0.00948609 109.819
0.00948619 -7.10543e-15
0.00949953 -7.10543e-15
0.00949963 7.10543e-15
0.00951329 7.10543e-15
0.00951339 111.536
0.00953554 111.536
0.00953564 81.6497
0.00953576 81.6497
0.00953586 -7.10543e-15
0.00956329 -7.10543e-15
0.00956339 81.6497
0.00956351 81.6497
0.00956361 111.536
0.00958576 111.536
0.00958586 7.10543e-15
0.00959952 7.10543e-15
0.00959962 0
0.00961307 0
0.00961317 112.947
0.00963484 112.947
0.00963494 35.6822
0.00963597 35.6822
0.00963607 0
0.00966307 0
0.00966317 35.6822
0.0096642 35.6822
0.0096643 112.947
0.00968598 112.947
0.00968608 0
0.00969952 0
0.00969962 -7.10543e-15
0.00971277 -7.10543e-15
0.00971287 114.048
0.00973379 114.048
0.00973389 41.3808
0.00973626 41.3808
0.00973636 7.10543e-15
0.00976277 7.10543e-15
0.00976287 41.3808
0.00976525 41.3808
0.00976535 114.048
0.00978627 114.048
0.00978637 -7.10543e-15
0.00979951 -7.10543e-15
0.00979961 0
0.0098125 0
0.0098126 114.837
0.0098327 114.837
0.0098328 46.9659
0.00983652 46.9659
0.00983662 0
0.0098625 0
0.0098626 46.9659
0.00986632 46.9659
0.00986642 114.837
0.00988653 114.837
0.00988663 0
0.00991226 0
0.00991236 115.312
0.0099316 115.312
0.0099317 52.4223
0.00993675 52.4223
0.00993685 0
0.00996227 0
0.00996237 52.4223
0.00996742 52.4223
0.00996752 115.312
0.00998675 115.312
0.00998685 0
0.0100121 0
0.0100122 115.47
0.0100305 115.47
0.0100306 57.735
0.0100369 57.735
0.010037 0
0.0100621 0
0.0100622 57.735
0.0100685 57.735
0.0100686 115.47
0.0100869 115.47
0.010087 0
0.0100995 0
0.0100996 -3.55271e-15
0.0101119 -3.55271e-15
0.010112 115.312
0.0101293 115.312
0.0101294 62.8895
0.0101371 62.8895
0.0101372 3.55271e-15
0.0101619 3.55271e-15
0.010162 62.8895
0.0101697 62.8895
0.0101698 115.312
0.0101871 115.312
0.0101872 -3.55271e-15
0.0101995 -3.55271e-15
0.0101996 0
0.0102118 0
0.0102119 114.837
0.0102282 114.837
0.0102283 67.8716
0.0102372 67.8716
0.0102373 0
0.0102618 0
0.0102619 67.8716
0.0102708 67.8716
0.0102709 114.837
0.0102872 114.837
0.0102873 0
0.0102995 0
0.0102996 -3.55271e-15
0.0103117 -3.55271e-15
0.0103118 114.048
0.010327 114.048
0.0103271 72.6677
0.0103373 72.6677
0.0103374 3.55271e-15
0.0103617 3.55271e-15
0.0103618 72.6677
0.010372 72.6677
0.0103721 114.048
0.0103873 114.048
0.0103874 -3.55271e-15
0.0103995 -3.55271e-15
0.0103996 3.55271e-15
0.0104116 3.55271e-15
0.0104117 112.947
0.0104258 112.947
0.0104259 77.2645
0.0104374 77.2645
0.0104375 -3.55271e-15
0.0104616 -3.55271e-15
0.0104617 77.2645
0.0104731 77.2645
0.0104732 112.947
0.0104874 112.947
0.0104875 3.55271e-15
0.0104995 3.55271e-15
0.0104996 0
0.0105116 0
0.0105117 111.536
0.0105247 111.536
0.0105248 81.6497
0.0105374 81.6497
0.0105375 0
0.0105616 0
0.0105617 81.6497
0.0105743 81.6497
0.0105744 111.536
0.0105874 111.536
0.0105875 0
0.0105995 0
0.0105996 3.55271e-15
0.0106116 3.55271e-15
0.0106117 109.819
0.0106235 109.819
0.0106236 85.811
0.0106374 85.811
0.0106375 -3.55271e-15
0.0106616 -3.55271e-15
0.0106617 85.811
0.0106755 85.811
0.0106756 109.819
0.0106874 109.819
0.0106875 3.55271e-15
0.0106995 3.55271e-15
0.0106996 0
0.0107116 0
0.0107117 107.801
0.0107223 107.801
0.0107224 89.7371
0.0107373 89.7371
0.0107374 0
0.0107616 0
0.0107617 89.7371
0.0107766 89.7371
0.0107767 107.801
0.0107873 107.801
0.0107874 0
0.0108117 0
0.0108118 105.487
0.0108212 105.487
0.0108213 93.4172
0.0108372 93.4172
0.0108373 0
0.0108617 0
0.0108618 93.4172
0.0108778 93.4172
0.0108779 105.487
0.0108872 105.487
0.0108873 0
0.0109118 0
0.0109119 102.885
0.01092 102.885
0.0109201 96.8413
0.0109371 96.8413
0.0109372 0
0.0109618 0
0.0109619 96.8413
0.0109789 96.8413
0.010979 102.885
0.0109871 102.885
0.0109872 0
0.0109995 0
0.0109996 3.55271e-15
0.011012 3.55271e-15
0.0110121 100
0.0110188 100
0.0110189 100
0.0110369 100
0.011037 -3.55271e-15
0.011062 -3.55271e-15
0.0110621 100
0.0110801 100
0.0110802 100
0.011087 100
0.0110871 3.55271e-15
0.0110994 3.55271e-15
0.0110995 0
0.0111121 0
0.0111122 96.8413
0.0111177 96.8413
0.0111178 102.885
0.0111368 102.885
0.0111369 0
0.0111621 0
0.0111622 102.885
0.0111812 102.885
0.0111813 96.8413
0.0111868 96.8413
0.0111869 0
0.0112124 0
0.0112125 93.4172
0.0112166 93.4172
0.0112167 105.487
0.0112365 105.487
0.0112366 0
0.0112624 0
0.0112625 105.487
0.0112823 105.487
0.0112824 93.4172
0.0112865 93.4172
0.0112866 0
0.0112994 0
0.0112995 3.55271e-15
0.0113126 3.55271e-15
0.0113127 89.7371
0.0113155 89.7371
0.0113156 107.801
0.0113363 107.801
0.0113364 -3.55271e-15
0.0113626 -3.55271e-15
0.0113627 107.801
0.0113834 107.801
0.0113835 89.7371
0.0113863 89.7371
0.0113864 3.55271e-15
0.0113994 3.55271e-15
0.0113995 -1.77636e-15
0.0114129 -1.77636e-15
0.011413 85.811
0.0114144 85.811
0.0114145 109.819
0.011436 109.819
0.0114361 1.77636e-15
0.0114629 1.77636e-15
0.011463 109.819
0.0114844 109.819
0.0114845 85.811
0.011486 85.811
0.0114861 -1.77636e-15
0.0115132 -1.77636e-15
0.0115133 81.6497
0.0115134 81.6497
0.0115135 111.536
0.0115357 111.536
0.0115358 1.77636e-15
0.0115632 1.77636e-15
0.0115633 111.536
0.0115854 111.536
0.0115855 81.6497
0.0115857 81.6497
0.0115858 -1.77636e-15
0.0115994 -1.77636e-15
0.0115995 0
0.011613 0
0.0116131 35.6822
0.0116141 35.6822
0.0116142 112.947
0.0116359 112.947
0.011636 0
0.011663 0
0.0116631 112.947
0.0116847 112.947
0.0116848 35.6822
0.0116859 35.6822
0.011686 0
0.0117127 0
0.0117128 41.3808
0.0117151 41.3808
0.0117152 114.048
0.0117362 114.048
0.0117363 0
0.0117627 0
0.0117628 114.048
0.0117837 114.048
0.0117838 41.3808
0.0117862 41.3808
0.0117863 0
0.0117994 0
0.0117995 3.55271e-15
0.0118124 3.55271e-15
0.0118125 46.9659
0.0118162 46.9659
0.0118163 114.837
0.0118364 114.837
0.0118365 -3.55271e-15
0.0118624 -3.55271e-15
0.0118625 114.837
0.0118826 114.837
0.0118827 46.9659
0.0118864 46.9659
0.0118865 3.55271e-15
0.0118994 3.55271e-15
0.0118995 0
0.0119122 0
0.0119123 52.4223
0.0119173 52.4223
0.0119174 115.312
0.0119366 115.312
0.0119367 0
0.0119622 0
0.0119623 115.312
0.0119815 115.312
0.0119816 52.4223
0.0119867 52.4223
0.0119868 0
0.0119994 0
