5e-09 0
4.43e-06 0
4.53e-06 115.47
4.5565e-05 115.47
4.5665e-05 0
5.4435e-05 0
5.4535e-05 115.47
9.557e-05 115.47
9.567e-05 0
0.000103835 0
0.000103935 62.8895
0.00010632 62.8895
0.00010642 115.312
0.000146155 115.312
0.000146255 0
0.000153835 0
0.000153935 115.312
0.00019367 115.312
0.00019377 62.8895
0.000196155 62.8895
0.000196255 0
0.000203295 0
0.000203395 67.8716
0.00020826 67.8716
0.00020836 114.837
0.000246685 114.837
0.000246785 0
0.000253295 0
0.000253395 114.837
0.00029172 114.837
0.00029182 67.8716
0.000296685 67.8716
0.000296785 0
0.000302815 0
0.000302915 72.6677
0.000310245 72.6677
0.000310345 114.048
0.000347155 114.048
0.000347255 0
0.000352815 0
0.000352915 114.048
0.000389725 114.048
0.000389825 72.6677
0.000397155 72.6677
0.000397255 0
0.000402395 0
0.000402495 77.2645
0.00041227 77.2645
0.00041237 112.947
0.000447565 112.947
0.000447665 0
0.000452395 0
0.000452495 112.947
0.00048769 112.947
0.00048779 77.2645
0.000497565 77.2645
0.000497665 0
0.000502035 0
0.000502135 81.6497
0.000514325 81.6497
0.000514425 111.536
0.00054791 111.536
0.00054801 0
0.00055204 0
0.00055214 111.536
0.000585625 111.536
0.000585725 81.6497
0.000597915 81.6497
0.000598015 0
0.00060174 0
0.00060184 85.811
0.000616415 85.811
0.000616515 109.819
0.000648195 109.819
0.000648295 0
0.000651745 0
0.000651845 109.819
0.000683525 109.819
0.000683625 85.811
0.0006982 85.811
0.0006983 0
0.00070151 0
0.00070161 89.7371
0.00071853 89.7371
0.00071863 107.801
0.00074842 107.801
0.00074852 0
0.00075151 0
0.00075161 107.801
0.0007814 107.801
0.0007815 89.7371
0.00079842 89.7371
0.00079852 0
0.000801345 0
0.000801445 93.4172
0.00082066 93.4172
0.00082076 105.487
0.000848575 105.487
0.000848675 0
0.000851345 0
0.000851445 105.487
0.00087926 105.487
0.00087936 93.4172
0.000898575 93.4172
0.000898675 0
0.00090124 0
0.00090134 96.8413
0.0009228 96.8413
0.0009229 102.885
0.00094867 102.885
0.00094877 0
0.00095124 0
0.00095134 102.885
0.00097711 102.885
0.00097721 96.8413
0.00099867 96.8413
0.00099877 0
0.0010012 0
0.0010013 100
0.00104869 100
0.00104879 0
0.0010512 0
0.0010513 100
0.00109869 100
0.00109879 0
0.00110123 0
0.00110133 102.885
0.0011271 102.885
0.0011272 96.8413
0.00114866 96.8413
0.00114876 0
0.00115123 0
0.00115133 96.8413
0.00117279 96.8413
0.00117289 102.885
0.00119866 102.885
0.00119876 0
0.00120132 0
0.00120142 105.487
0.00122924 105.487
0.00122934 93.4172
0.00124855 93.4172
0.00124865 0
0.00125132 0
0.00125142 93.4172
0.00127064 93.4172
0.00127074 105.487
0.00129855 105.487
0.00129865 0
0.00130148 0
0.00130158 107.801
0.00133137 107.801
0.00133147 89.7371
0.00134839 89.7371
0.00134849 0
0.00135148 0
0.00135158 89.7371
0.0013685 89.7371
0.0013686 107.801
0.00139839 107.801
0.00139849 0
0.0014017 0
0.0014018 109.819
0.00143348 109.819
0.00143358 85.811
0.00144815 85.811
0.00144825 0
0.0014517 0
0.0014518 85.811
0.00146638 85.811
0.00146648 109.819
0.00149816 109.819
0.00149826 0
0.00150198 0
0.00150208 111.536
0.00153557 111.536
0.00153567 81.6497
0.00154786 81.6497
0.00154796 0
0.00155199 0
0.00155209 81.6497
0.00156428 81.6497
0.00156438 111.536
0.00159786 111.536
0.00159796 0
0.00160233 0
0.00160243 112.947
0.00163763 112.947
0.00163773 77.2645
0.0016475 77.2645
0.0016476 0
0.00165233 0
0.00165243 77.2645
0.00166221 77.2645
0.00166231 112.947
0.0016975 112.947
0.0016976 0
0.00170274 0
0.00170284 114.048
0.00173965 114.048
0.00173975 72.6677
0.00174708 72.6677
0.00174718 0
0.00175274 0
0.00175284 72.6677
0.00176017 72.6677
0.00176027 114.048
0.00179708 114.048
0.00179718 0
0.00180321 0
0.00180331 114.837
0.00184164 114.837
0.00184174 67.8716
0.0018466 67.8716
0.0018467 0
0.00185321 0
0.00185331 67.8716
0.00185818 67.8716
0.00185828 114.837
0.0018966 114.837
0.0018967 0
0.00190374 0
0.00190384 115.312
0.00194358 115.312
0.00194368 62.8895
0.00194606 62.8895
0.00194616 0
0.00195374 0
0.00195384 62.8895
0.00195623 62.8895
0.00195633 115.312
0.00199606 115.312
0.00199616 0
0.00200433 0
0.00200443 115.47
0.00204546 115.47
0.00204556 0
0.00205433 0
0.00205443 115.47
0.00209547 115.47
0.00209557 0
0.00209989 0
0.00209999 7.10543e-15
0.00210373 7.10543e-15
0.00210383 115.312
0.00214357 115.312
0.00214367 62.8895
0.00214605 62.8895
0.00214615 -7.10543e-15
0.00215373 -7.10543e-15
0.00215383 62.8895
0.00215622 62.8895
0.00215632 115.312
0.00219605 115.312
0.00219615 7.10543e-15
0.00219989 7.10543e-15
0.00219999 0
0.00220319 0
0.00220329 114.837
0.00224162 114.837
0.00224172 67.8716
0.00224658 67.8716
0.00224668 0
0.00225319 0
0.00225329 67.8716
0.00225816 67.8716
0.00225826 114.837
0.00229658 114.837
0.00229668 0
0.00229988 0
0.00229998 7.10543e-15
0.00230271 7.10543e-15
0.00230281 114.048
0.00233962 114.048
0.00233972 72.6677
0.00234705 72.6677
0.00234715 -7.10543e-15
0.00235271 -7.10543e-15
0.00235281 72.6677
0.00236014 72.6677
0.00236024 114.048
0.00239705 114.048
0.00239715 7.10543e-15
0.00240229 7.10543e-15
0.00240239 112.947
0.00243759 112.947
0.00243769 77.2645
0.00244746 77.2645
0.00244756 -7.10543e-15
0.00245229 -7.10543e-15
0.00245239 77.2645
0.00246217 77.2645
0.00246227 112.947
0.00249746 112.947
0.00249756 7.10543e-15
0.00249987 7.10543e-15
0.00249997 -7.10543e-15
0.00250193 -7.10543e-15
0.00250203 111.536
0.00253552 111.536
0.00253562 81.6497
0.00254781 81.6497
0.00254791 7.10543e-15
0.00255194 7.10543e-15
0.00255204 81.6497
0.00256423 81.6497
0.00256433 111.536
0.00259781 111.536
0.00259791 -7.10543e-15
0.00259987 -7.10543e-15
0.00259997 0
0.00260164 0
0.00260174 109.819
0.00263342 109.819
0.00263352 85.811
0.00264809 85.811
0.00264819 0
0.00265164 0
0.00265174 85.811
0.00266632 85.811
0.00266642 109.819
0.0026981 109.819
0.0026982 0
0.00269986 0
0.00269996 -7.10543e-15
0.00270141 -7.10543e-15
0.00270151 107.801
0.0027313 107.801
0.0027314 89.7371
0.00274832 89.7371
0.00274842 7.10543e-15
0.00275141 7.10543e-15
0.00275151 89.7371
0.00276843 89.7371
0.00276853 107.801
0.00279832 107.801
0.00279842 -7.10543e-15
0.00280124 -7.10543e-15
0.00280134 105.487
0.00282916 105.487
0.00282926 93.4172
0.00284847 93.4172
0.00284857 7.10543e-15
0.00285124 7.10543e-15
0.00285134 93.4172
0.00287056 93.4172
0.00287066 105.487
0.00289847 105.487
0.00289857 -7.10543e-15
0.00289985 -7.10543e-15
0.00289995 0
0.00290114 0
0.00290124 102.885
0.00292701 102.885
0.00292711 96.8413
0.00294857 96.8413
0.00294867 0
0.00295114 0
0.00295124 96.8413
0.0029727 96.8413
0.0029728 102.885
0.00299857 102.885
0.00299867 0
0.00299985 0
0.00299995 7.10543e-15
0.0030011 7.10543e-15
0.0030012 100
0.00302485 100
0.00302495 100
0.00304859 100
0.00304869 -7.10543e-15
0.0030511 -7.10543e-15
0.0030512 100
0.00307485 100
0.00307495 100
0.00309859 100
0.00309869 7.10543e-15
0.00309984 7.10543e-15
0.00309994 0
0.00310113 0
0.00310123 96.8413
0.00312269 96.8413
0.00312279 102.885
0.00314856 102.885
0.00314866 0
0.00315113 0
0.00315123 102.885
0.003177 102.885
0.0031771 96.8413
0.00319856 96.8413
0.00319866 0
0.00320122 0
0.00320132 93.4172
0.00322054 93.4172
0.00322064 105.487
0.00324845 105.487
0.00324855 0
0.00325122 0
0.00325132 105.487
0.00327914 105.487
0.00327924 93.4172
0.00329845 93.4172
0.00329855 0
0.00329983 0
0.00329993 7.10543e-15
0.00330138 7.10543e-15
0.00330148 89.7371
0.0033184 89.7371
0.0033185 107.801
0.00334829 107.801
0.00334839 -7.10543e-15
0.00335138 -7.10543e-15
0.00335148 107.801
0.00338127 107.801
0.00338137 89.7371
0.00339829 89.7371
0.00339839 7.10543e-15
0.00339983 7.10543e-15
0.00339993 0
0.0034016 0
0.0034017 85.811
0.00341627 85.811
0.00341637 109.819
0.00344805 109.819
0.00344815 0
0.0034516 0
0.0034517 109.819
0.00348338 109.819
0.00348348 85.811
0.00349806 85.811
0.00349816 0
0.00350188 0
0.00350198 81.6497
0.00351417 81.6497
0.00351427 111.536
0.00354776 111.536
0.00354786 0
0.00355189 0
0.00355199 111.536
0.00358547 111.536
0.00358557 81.6497
0.00359776 81.6497
0.00359786 0
0.00360223 0
0.00360233 77.2645
0.00361211 77.2645
0.00361221 112.947
0.0036474 112.947
0.0036475 0
0.00365223 0
0.00365233 112.947
0.00368753 112.947
0.00368763 77.2645
0.0036974 77.2645
0.0036975 0
0.00370264 0
0.00370274 72.6677
0.00371007 72.6677
0.00371017 114.048
0.00374698 114.048
0.00374708 0
0.00375264 0
0.00375274 114.048
0.00378955 114.048
0.00378965 72.6677
0.00379698 72.6677
0.00379708 0
0.00380311 0
0.00380321 67.8716
0.00380808 67.8716
0.00380818 114.837
0.0038465 114.837
0.0038466 0
0.00385311 0
0.00385321 114.837
0.00389154 114.837
0.00389164 67.8716
0.0038965 67.8716
0.0038966 0
0.0038998 0
0.0038999 -3.55271e-15
0.00390364 -3.55271e-15
0.00390374 62.8895
0.00390613 62.8895
0.00390623 115.312
0.00394596 115.312
0.00394606 3.55271e-15
0.00395364 3.55271e-15
0.00395374 115.312
0.00399348 115.312
0.00399358 62.8895
0.00399596 62.8895
0.00399606 -3.55271e-15
0.00400423 -3.55271e-15
0.00400433 115.47
0.00404536 115.47
0.00404546 3.55271e-15
0.00405423 3.55271e-15
0.00405433 115.47
0.00409537 115.47
0.00409547 -3.55271e-15
0.00409979 -3.55271e-15
0.00409989 3.55271e-15
0.00410363 3.55271e-15
0.00410373 62.8895
0.00410612 62.8895
0.00410622 115.312
0.00414595 115.312
0.00414605 -3.55271e-15
0.00415363 -3.55271e-15
0.00415373 115.312
0.00419347 115.312
0.00419357 62.8895
0.00419595 62.8895
0.00419605 3.55271e-15
0.00420309 3.55271e-15
0.00420319 67.8716
0.00420806 67.8716
0.00420816 114.837
0.00424648 114.837
0.00424658 -3.55271e-15
0.00425309 -3.55271e-15
0.00425319 114.837
0.00429152 114.837
0.00429162 67.8716
0.00429648 67.8716
0.00429658 3.55271e-15
0.00429978 3.55271e-15
0.00429988 -3.55271e-15
0.00430261 -3.55271e-15
0.00430271 72.6677
0.00431004 72.6677
0.00431014 114.048
0.00434695 114.048
0.00434705 3.55271e-15
0.00435261 3.55271e-15
0.00435271 114.048
0.00438952 114.048
0.00438962 72.6677
0.00439695 72.6677
0.00439705 -3.55271e-15
0.00439978 -3.55271e-15
0.00439988 3.55271e-15
0.00440219 3.55271e-15
0.00440229 77.2645
0.00441207 77.2645
0.00441217 112.947
0.00444736 112.947
0.00444746 -3.55271e-15
0.00445219 -3.55271e-15
0.00445229 112.947
0.00448749 112.947
0.00448759 77.2645
0.00449736 77.2645
0.00449746 3.55271e-15
0.00449977 3.55271e-15
0.00449987 0
0.00450183 0
0.00450193 81.6497
0.00451412 81.6497
0.00451422 111.536
0.00454771 111.536
0.00454781 0
0.00455184 0
0.00455194 111.536
0.00458542 111.536
0.00458552 81.6497
0.00459771 81.6497
0.00459781 0
0.00459977 0
0.00459987 3.55271e-15
0.00460154 3.55271e-15
0.00460164 85.811
0.00461621 85.811
0.00461631 109.819
0.00464799 109.819
0.00464809 -3.55271e-15
0.00465154 -3.55271e-15
0.00465164 109.819
0.00468332 109.819
0.00468342 85.811
0.004698 85.811
0.0046981 3.55271e-15
0.00470131 3.55271e-15
0.00470141 89.7371
0.00471833 89.7371
0.00471843 107.801
0.00474822 107.801
0.00474832 -3.55271e-15
0.00475131 -3.55271e-15
0.00475141 107.801
0.0047812 107.801
0.0047813 89.7371
0.00479822 89.7371
0.00479832 3.55271e-15
0.00479976 3.55271e-15
0.00479986 -3.55271e-15
0.00480114 -3.55271e-15
0.00480124 93.4172
0.00482046 93.4172
0.00482056 105.487
0.00484837 105.487
0.00484847 3.55271e-15
0.00485114 3.55271e-15
0.00485124 105.487
0.00487906 105.487
0.00487916 93.4172
0.00489837 93.4172
0.00489847 -3.55271e-15
0.00489975 -3.55271e-15
0.00489985 3.55271e-15
0.00490104 3.55271e-15
0.00490114 96.8413
0.0049226 96.8413
0.0049227 102.885
0.00494847 102.885
0.00494857 -3.55271e-15
0.00495104 -3.55271e-15
0.00495114 102.885
0.00497691 102.885
0.00497701 96.8413
0.00499847 96.8413
0.00499857 3.55271e-15
0.00499975 3.55271e-15
0.00499985 0
0.005001 0
0.0050011 100
0.00502475 100
0.00502485 100
0.00504849 100
0.00504859 0
0.005051 0
0.0050511 100
0.00507475 100
0.00507485 100
0.00509849 100
0.00509859 0
0.00509974 0
0.00509984 3.55271e-15
0.00510103 3.55271e-15
0.00510113 102.885
0.0051269 102.885
0.005127 96.8413
0.00514846 96.8413
0.00514856 -3.55271e-15
0.00515103 -3.55271e-15
0.00515113 96.8413
0.00517259 96.8413
0.00517269 102.885
0.00519846 102.885
0.00519856 3.55271e-15
0.00519974 3.55271e-15
0.00519984 0
0.00520112 0
0.00520122 105.487
0.00522904 105.487
0.00522914 93.4172
0.00524835 93.4172
0.00524845 0
0.00525112 0
0.00525122 93.4172
0.00527044 93.4172
0.00527054 105.487
0.00529835 105.487
0.00529845 0
0.00529973 0
0.00529983 -3.55271e-15
0.00530128 -3.55271e-15
0.00530138 107.801
0.00533117 107.801
0.00533127 89.7371
0.00534819 89.7371
0.00534829 3.55271e-15
0.00535128 3.55271e-15
0.00535138 89.7371
0.0053683 89.7371
0.0053684 107.801
0.00539819 107.801
0.00539829 -3.55271e-15
0.0054015 -3.55271e-15
0.0054016 109.819
0.00543328 109.819
0.00543338 85.811
0.00544795 85.811
0.00544805 3.55271e-15
0.0054515 3.55271e-15
0.0054516 85.811
0.00546618 85.811
0.00546628 109.819
0.00549796 109.819
0.00549806 -3.55271e-15
0.00549972 -3.55271e-15
0.00549982 1.77636e-15
0.00550178 1.77636e-15
0.00550188 111.536
0.00553537 111.536
0.00553547 81.6497
0.00554766 81.6497
0.00554776 -1.77636e-15
0.00555179 -1.77636e-15
0.00555189 81.6497
0.00556408 81.6497
0.00556418 111.536
0.00559766 111.536
0.00559776 1.77636e-15
0.00559972 1.77636e-15
0.00559982 0
0.00560213 0
0.00560223 112.947
0.00563743 112.947
0.00563753 77.2645
0.0056473 77.2645
0.0056474 0
0.00565213 0
0.00565223 77.2645
0.00566201 77.2645
0.00566211 112.947
0.0056973 112.947
0.0056974 0
0.00569971 0
0.00569981 3.55271e-15
0.00570254 3.55271e-15
0.00570264 114.048
0.00573945 114.048
0.00573955 72.6677
0.00574688 72.6677
0.00574698 -3.55271e-15
0.00575254 -3.55271e-15
0.00575264 72.6677
0.00575997 72.6677
0.00576007 114.048
0.00579688 114.048
0.00579698 3.55271e-15
0.00579971 3.55271e-15
0.00579981 -3.55271e-15
0.00580301 -3.55271e-15
0.00580311 114.837
0.00584144 114.837
0.00584154 67.8716
0.0058464 67.8716
0.0058465 3.55271e-15
0.00585301 3.55271e-15
0.00585311 67.8716
0.00585798 67.8716
0.00585808 114.837
0.0058964 114.837
0.0058965 -3.55271e-15
0.0058997 -3.55271e-15
0.0058998 0
0.00590354 0
0.00590364 115.312
0.00594338 115.312
0.00594348 62.8895
0.00594586 62.8895
0.00594596 0
0.00595354 0
0.00595364 62.8895
0.00595603 62.8895
0.00595613 115.312
0.00599586 115.312
0.00599596 0
0.00600413 0
0.00600423 115.47
0.00604526 115.47
0.00604536 0
0.00605413 0
0.00605423 115.47
0.00609527 115.47
0.00609537 0
0.00610353 0
0.00610363 115.312
0.00614337 115.312
0.00614347 62.8895
0.00614585 62.8895
0.00614595 0
0.00615353 0
0.00615363 62.8895
0.00615602 62.8895
0.00615612 115.312
0.00619585 115.312
0.00619595 0
0.00619969 0
0.00619979 7.10543e-15
0.00620299 7.10543e-15
0.00620309 114.837
0.00624142 114.837
0.00624152 67.8716
0.00624638 67.8716
0.00624648 -7.10543e-15
0.00625299 -7.10543e-15
0.00625309 67.8716
0.00625796 67.8716
0.00625806 114.837
0.00629638 114.837
0.00629648 7.10543e-15
0.00629968 7.10543e-15
0.00629978 0
0.00630251 0
0.00630261 114.048
0.00633942 114.048
0.00633952 72.6677
0.00634685 72.6677
0.00634695 0
0.00635251 0
0.00635261 72.6677
0.00635994 72.6677
0.00636004 114.048
0.00639685 114.048
0.00639695 0
0.00640209 0
0.00640219 112.947
0.00643739 112.947
0.00643749 77.2645
0.00644726 77.2645
0.00644736 0
0.00645209 0
0.00645219 77.2645
0.00646197 77.2645
0.00646207 112.947
0.00649726 112.947
0.00649736 0
0.00650173 0
0.00650183 111.536
0.00653532 111.536
0.00653542 81.6497
0.00654761 81.6497
0.00654771 0
0.00655174 0
0.00655184 81.6497
0.00656403 81.6497
0.00656413 111.536
0.00659761 111.536
0.00659771 0
0.00660144 0
0.00660154 109.819
0.00663322 109.819
0.00663332 85.811
0.00664789 85.811
0.00664799 0
0.00665144 0
0.00665154 85.811
0.00666612 85.811
0.00666622 109.819
0.0066979 109.819
0.006698 0
0.00670121 0
0.00670131 107.801
0.0067311 107.801
0.0067312 89.7371
0.00674812 89.7371
0.00674822 0
0.00675121 0
0.00675131 89.7371
0.00676823 89.7371
0.00676833 107.801
0.00679812 107.801
0.00679822 0
0.00680104 0
0.00680114 105.487
0.00682896 105.487
0.00682906 93.4172
0.00684827 93.4172
0.00684837 0
0.00685104 0
0.00685114 93.4172
0.00687036 93.4172
0.00687046 105.487
0.00689827 105.487
0.00689837 0
0.00690094 0
0.00690104 102.885
0.00692681 102.885
0.00692691 96.8413
0.00694837 96.8413
0.00694847 0
0.00695094 0
0.00695104 96.8413
0.0069725 96.8413
0.0069726 102.885
0.00699837 102.885
0.00699847 0
0.0070009 0
0.007001 100
0.00702465 100
0.00702475 100
0.00704839 100
0.00704849 0
0.0070509 0
0.007051 100
0.00707465 100
0.00707475 100
0.00709839 100
0.00709849 0
0.00710093 0
0.00710103 96.8413
0.00712249 96.8413
0.00712259 102.885
0.00714836 102.885
0.00714846 0
0.00715093 0
0.00715103 102.885
0.0071768 102.885
0.0071769 96.8413
0.00719836 96.8413
0.00719846 0
0.00720102 0
0.00720112 93.4172
0.00722034 93.4172
0.00722044 105.487
0.00724825 105.487
0.00724835 0
0.00725102 0
0.00725112 105.487
0.00727894 105.487
0.00727904 93.4172
0.00729825 93.4172
0.00729835 0
0.00730118 0
0.00730128 89.7371
0.0073182 89.7371
0.0073183 107.801
0.00734809 107.801
0.00734819 0
0.00735118 0
0.00735128 107.801
0.00738107 107.801
0.00738117 89.7371
0.00739809 89.7371
0.00739819 0
0.0074014 0
0.0074015 85.811
0.00741607 85.811
0.00741617 109.819
0.00744785 109.819
0.00744795 0
0.0074514 0
0.0074515 109.819
0.00748318 109.819
0.00748328 85.811
0.00749786 85.811
0.00749796 0
0.00750168 0
0.00750178 81.6497
0.00751397 81.6497
0.00751407 111.536
0.00754756 111.536
0.00754766 0
0.00755169 0
0.00755179 111.536
0.00758527 111.536
0.00758537 81.6497
0.00759756 81.6497
0.00759766 0
0.00760203 0
0.00760213 77.2645
0.00761191 77.2645
0.00761201 112.947
0.0076472 112.947
0.0076473 0
0.00765203 0
0.00765213 112.947
0.00768733 112.947
0.00768743 77.2645
0.0076972 77.2645
0.0076973 0
0.00770244 0
0.00770254 72.6677
0.00770987 72.6677
0.00770997 114.048
0.00774678 114.048
0.00774688 0
0.00775244 0
0.00775254 114.048
0.00778935 114.048
0.00778945 72.6677
0.00779678 72.6677
0.00779688 0
0.00780291 0
0.00780301 67.8716
0.00780788 67.8716
0.00780798 114.837
0.0078463 114.837
0.0078464 0
0.00785291 0
0.00785301 114.837
0.00789134 114.837
0.00789144 67.8716
0.0078963 67.8716
0.0078964 0
0.00790344 0
0.00790354 62.8895
0.00790593 62.8895
0.00790603 115.312
0.00794576 115.312
0.00794586 0
0.00795344 0
0.00795354 115.312
0.00799328 115.312
0.00799338 62.8895
0.00799576 62.8895
0.00799586 0
0.00800403 0
0.00800413 115.47
0.00804516 115.47
0.00804526 0
0.00805403 0
0.00805413 115.47
0.00809517 115.47
0.00809527 0
0.0080996 0
0.0080997 7.10543e-15
0.00810344 7.10543e-15
0.00810354 62.8895
0.00810592 62.8895
0.00810602 115.312
0.00814576 115.312
0.00814586 -7.10543e-15
0.00815344 -7.10543e-15
0.00815354 115.312
0.00819327 115.312
0.00819337 62.8895
0.00819576 62.8895
0.00819586 7.10543e-15
0.00819959 7.10543e-15
0.00819969 0
0.0082029 0
0.008203 67.8716
0.00820786 67.8716
0.00820796 114.837
0.00824629 114.837
0.00824639 0
0.0082529 0
0.008253 114.837
0.00829132 114.837
0.00829142 67.8716
0.00829629 67.8716
0.00829639 0
0.00829959 0
0.00829969 7.10543e-15
0.00830242 7.10543e-15
0.00830252 72.6677
0.00830985 72.6677
0.00830995 114.048
0.00834676 114.048
0.00834686 -7.10543e-15
0.00835242 -7.10543e-15
0.00835252 114.048
0.00838933 114.048
0.00838943 72.6677
0.00839676 72.6677
0.00839686 7.10543e-15
0.00839958 7.10543e-15
0.00839968 -7.10543e-15
0.008402 -7.10543e-15
0.0084021 77.2645
0.00841187 77.2645
0.00841197 112.947
0.00844717 112.947
0.00844727 7.10543e-15
0.008452 7.10543e-15
0.0084521 112.947
0.00848729 112.947
0.00848739 77.2645
0.00849717 77.2645
0.00849727 -7.10543e-15
0.00849958 -7.10543e-15
0.00849968 0
0.00850164 0
0.00850174 81.6497
0.00851393 81.6497
0.00851403 111.536
0.00854751 111.536
0.00854761 0
0.00855164 0
0.00855174 111.536
0.00858523 111.536
0.00858533 81.6497
0.00859752 81.6497
0.00859762 0
0.00860134 0
0.00860144 85.811
0.00861602 85.811
0.00861612 109.819
0.0086478 109.819
0.0086479 0
0.00865135 0
0.00865145 109.819
0.00868313 109.819
0.00868323 85.811
0.0086978 85.811
0.0086979 0
0.00870111 0
0.00870121 89.7371
0.00871813 89.7371
0.00871823 107.801
0.00874802 107.801
0.00874812 0
0.00875111 0
0.00875121 107.801
0.008781 107.801
0.0087811 89.7371
0.00879802 89.7371
0.00879812 0
0.00879956 0
0.00879966 -7.10543e-15
0.00880095 -7.10543e-15
0.00880105 93.4172
0.00882026 93.4172
0.00882036 105.487
0.00884818 105.487
0.00884828 7.10543e-15
0.00885095 7.10543e-15
0.00885105 105.487
0.00887886 105.487
0.00887896 93.4172
0.00889818 93.4172
0.00889828 -7.10543e-15
0.00889956 -7.10543e-15
0.00889966 7.10543e-15
0.00890084 7.10543e-15
0.00890094 96.8413
0.0089224 96.8413
0.0089225 102.885
0.00894827 102.885
0.00894837 -7.10543e-15
0.00895084 -7.10543e-15
0.00895094 102.885
0.00897671 102.885
0.00897681 96.8413
0.00899827 96.8413
0.00899837 7.10543e-15
0.00899955 7.10543e-15
0.00899965 -7.10543e-15
0.00900081 -7.10543e-15
0.00900091 100
0.00902455 100
0.00902465 100
0.0090483 100
0.0090484 7.10543e-15
0.00905081 7.10543e-15
0.00905091 100
0.00907455 100
0.00907465 100
0.0090983 100
0.0090984 -7.10543e-15
0.00909955 -7.10543e-15
0.00909965 0
0.00910083 0
0.00910093 102.885
0.0091267 102.885
0.0091268 96.8413
0.00914826 96.8413
0.00914836 0
0.00915083 0
0.00915093 96.8413
0.00917239 96.8413
0.00917249 102.885
0.00919826 102.885
0.00919836 0
0.00919954 0
0.00919964 -7.10543e-15
0.00920093 -7.10543e-15
0.00920103 105.487
0.00922884 105.487
0.00922894 93.4172
0.00924816 93.4172
0.00924826 7.10543e-15
0.00925093 7.10543e-15
0.00925103 93.4172
0.00927024 93.4172
0.00927034 105.487
0.00929816 105.487
0.00929826 -7.10543e-15
0.00930108 -7.10543e-15
0.00930118 107.801
0.00933097 107.801
0.00933107 89.7371
0.00934799 89.7371
0.00934809 7.10543e-15
0.00935108 7.10543e-15
0.00935118 89.7371
0.0093681 89.7371
0.0093682 107.801
0.00939799 107.801
0.00939809 -7.10543e-15
0.0094013 -7.10543e-15
0.0094014 109.819
0.00943308 109.819
0.00943318 85.811
0.00944776 85.811
0.00944786 7.10543e-15
0.00945131 7.10543e-15
0.00945141 85.811
0.00946598 85.811
0.00946608 109.819
0.00949776 109.819
0.00949786 -7.10543e-15
0.00949953 -7.10543e-15
0.00949963 7.10543e-15
0.00950159 7.10543e-15
0.00950169 111.536
0.00953517 111.536
0.00953527 81.6497
0.00954746 81.6497
0.00954756 -7.10543e-15
0.00955159 -7.10543e-15
0.00955169 81.6497
0.00956388 81.6497
0.00956398 111.536
0.00959747 111.536
0.00959757 7.10543e-15
0.00959952 7.10543e-15
0.00959962 0
0.00960194 0
0.00960204 112.947
0.00963723 112.947
0.00963733 77.2645
0.00964711 77.2645
0.00964721 0
0.00965194 0
0.00965204 77.2645
0.00966181 77.2645
0.00966191 112.947
0.00969711 112.947
0.00969721 0
0.00969952 0
0.00969962 -7.10543e-15
0.00970235 -7.10543e-15
0.00970245 114.048
0.00973926 114.048
0.00973936 72.6677
0.00974669 72.6677
0.00974679 7.10543e-15
0.00975235 7.10543e-15
0.00975245 72.6677
0.00975978 72.6677
0.00975988 114.048
0.00979669 114.048
0.00979679 -7.10543e-15
0.00979951 -7.10543e-15
0.00979961 0
0.00980282 0
0.00980292 114.837
0.00984124 114.837
0.00984134 67.8716
0.00984621 67.8716
0.00984631 0
0.00985282 0
0.00985292 67.8716
0.00985778 67.8716
0.00985788 114.837
0.00989621 114.837
0.00989631 0
0.00990335 0
0.00990345 115.312
0.00994318 115.312
0.00994328 62.8895
0.00994567 62.8895
0.00994577 0
0.00995335 0
0.00995345 62.8895
0.00995583 62.8895
0.00995593 115.312
0.00999567 115.312
0.00999577 0
0.0100039 0
0.010004 115.47
0.0100451 115.47
0.0100452 0
0.0100539 0
0.010054 115.47
0.0100951 115.47
0.0100952 0
0.0100995 0
0.0100996 -3.55271e-15
0.0101033 -3.55271e-15
0.0101034 115.312
0.0101432 115.312
0.0101433 62.8895
0.0101457 62.8895
0.0101458 3.55271e-15
0.0101533 3.55271e-15
0.0101534 62.8895
0.0101558 62.8895
0.0101559 115.312
0.0101957 115.312
0.0101958 -3.55271e-15
0.0101995 -3.55271e-15
0.0101996 0
0.0102028 0
0.0102029 114.837
0.0102412 114.837
0.0102413 67.8716
0.0102462 67.8716
0.0102463 0
0.0102528 0
0.0102529 67.8716
0.0102578 67.8716
0.0102579 114.837
0.0102962 114.837
0.0102963 0
0.0102995 0
0.0102996 -3.55271e-15
0.0103023 -3.55271e-15
0.0103024 114.048
0.0103392 114.048
0.0103393 72.6677
0.0103467 72.6677
0.0103468 3.55271e-15
0.0103523 3.55271e-15
0.0103524 72.6677
0.0103597 72.6677
0.0103598 114.048
0.0103967 114.048
0.0103968 -3.55271e-15
0.0103995 -3.55271e-15
0.0103996 3.55271e-15
0.0104019 3.55271e-15
0.010402 112.947
0.0104372 112.947
0.0104373 77.2645
0.0104471 77.2645
0.0104472 -3.55271e-15
0.0104519 -3.55271e-15
0.010452 77.2645
0.0104618 77.2645
0.0104619 112.947
0.0104971 112.947
0.0104972 3.55271e-15
0.0104995 3.55271e-15
0.0104996 0
0.0105015 0
0.0105016 111.536
0.0105351 111.536
0.0105352 81.6497
0.0105474 81.6497
0.0105475 0
0.0105515 0
0.0105516 81.6497
0.0105638 81.6497
0.0105639 111.536
0.0105974 111.536
0.0105975 0
0.0105995 0
0.0105996 3.55271e-15
0.0106012 3.55271e-15
0.0106013 109.819
0.010633 109.819
0.0106331 85.811
0.0106477 85.811
0.0106478 -3.55271e-15
0.0106512 -3.55271e-15
0.0106513 85.811
0.0106659 85.811
0.010666 109.819
0.0106977 109.819
0.0106978 3.55271e-15
0.0106995 3.55271e-15
0.0106996 0
0.010701 0
0.0107011 107.801
0.0107309 107.801
0.010731 89.7371
0.0107479 89.7371
0.010748 0
0.010751 0
0.0107511 89.7371
0.010768 89.7371
0.0107681 107.801
0.0107979 107.801
0.010798 0
0.0108008 0
0.0108009 105.487
0.0108288 105.487
0.0108289 93.4172
0.0108481 93.4172
0.0108482 0
0.0108508 0
0.0108509 93.4172
0.0108702 93.4172
0.0108703 105.487
0.0108981 105.487
0.0108982 0
0.0109007 0
0.0109008 102.885
0.0109266 102.885
0.0109267 96.8413
0.0109482 96.8413
0.0109483 0
0.0109507 0
0.0109508 96.8413
0.0109723 96.8413
0.0109724 102.885
0.0109982 102.885
0.0109983 0
0.0109995 0
0.0109996 3.55271e-15
0.0110007 3.55271e-15
0.0110008 100
0.0110245 100
0.0110246 100
0.0110482 100
0.0110483 -3.55271e-15
0.0110507 -3.55271e-15
0.0110508 100
0.0110745 100
0.0110746 100
0.0110982 100
0.0110983 3.55271e-15
0.0110994 3.55271e-15
0.0110995 0
0.0111007 0
0.0111008 96.8413
0.0111223 96.8413
0.0111224 102.885
0.0111482 102.885
0.0111483 0
0.0111507 0
0.0111508 102.885
0.0111766 102.885
0.0111767 96.8413
0.0111982 96.8413
0.0111983 0
0.0112008 0
0.0112009 93.4172
0.0112201 93.4172
0.0112202 105.487
0.0112481 105.487
0.0112482 0
0.0112508 0
0.0112509 105.487
0.0112787 105.487
0.0112788 93.4172
0.0112981 93.4172
0.0112982 0
0.0112994 0
0.0112995 3.55271e-15
0.011301 3.55271e-15
0.0113011 89.7371
0.011318 89.7371
0.0113181 107.801
0.0113479 107.801
0.011348 -3.55271e-15
0.011351 -3.55271e-15
0.0113511 107.801
0.0113809 107.801
0.011381 89.7371
0.0113979 89.7371
0.011398 3.55271e-15
0.0113994 3.55271e-15
0.0113995 -1.77636e-15
0.0114012 -1.77636e-15
0.0114013 85.811
0.0114159 85.811
0.011416 109.819
0.0114477 109.819
0.0114478 1.77636e-15
0.0114512 1.77636e-15
0.0114513 109.819
0.011483 109.819
0.0114831 85.811
0.0114977 85.811
0.0114978 -1.77636e-15
0.0115015 -1.77636e-15
0.0115016 81.6497
0.0115138 81.6497
0.0115139 111.536
0.0115474 111.536
0.0115475 1.77636e-15
0.0115515 1.77636e-15
0.0115516 111.536
0.0115851 111.536
0.0115852 81.6497
0.0115974 81.6497
0.0115975 -1.77636e-15
0.0115994 -1.77636e-15
0.0115995 0
0.0116018 0
0.0116019 77.2645
0.0116117 77.2645
0.0116118 112.947
0.011647 112.947
0.0116471 0
0.0116518 0
0.0116519 112.947
0.0116871 112.947
0.0116872 77.2645
0.011697 77.2645
0.0116971 0
0.0117022 0
0.0117023 72.6677
0.0117097 72.6677
0.0117098 114.048
0.0117466 114.048
0.0117467 0
0.0117522 0
0.0117523 114.048
0.0117892 114.048
0.0117893 72.6677
0.0117966 72.6677
0.0117967 0
0.0117994 0
0.0117995 3.55271e-15
0.0118027 3.55271e-15
0.0118028 67.8716
0.0118077 67.8716
0.0118078 114.837
0.0118461 114.837
0.0118462 -3.55271e-15
0.0118527 -3.55271e-15
0.0118528 114.837
0.0118911 114.837
0.0118912 67.8716
0.0118961 67.8716
0.0118962 3.55271e-15
0.0118994 3.55271e-15
0.0118995 0
0.0119032 0
0.0119033 62.8895
0.0119057 62.8895
0.0119058 115.312
0.0119456 115.312
0.0119457 0
0.0119532 0
0.0119533 115.312
0.0119931 115.312
0.0119932 62.8895
0.0119956 62.8895
0.0119957 0
0.0119994 0
