5e-09 0
1.016e-05 0
1.026e-05 57.735
2.6225e-05 57.735
2.6325e-05 115.47
3.984e-05 115.47
3.994e-05 0
6.016e-05 0
6.026e-05 115.47
7.3775e-05 115.47
7.3875e-05 57.735
8.984e-05 57.735
8.994e-05 0
0.00011021 0
0.00011031 62.8895
0.000127565 62.8895
0.000127665 115.312
0.000139775 115.312
0.000139875 0
0.000160215 0
0.000160315 115.312
0.000172425 115.312
0.000172525 62.8895
0.00018978 62.8895
0.00018988 0
0.000210305 0
0.000210405 67.8716
0.000228895 67.8716
0.000228995 114.837
0.00023967 114.837
0.00023977 0
0.00026031 0
0.00026041 114.837
0.000271085 114.837
0.000271185 67.8716
0.000289675 67.8716
0.000289775 0
0.000310435 0
0.000310535 72.6677
0.000330215 72.6677
0.000330315 114.048
0.00033953 114.048
0.00033963 0
0.00036044 0
0.00036054 114.048
0.000369755 114.048
0.000369855 72.6677
0.000389535 72.6677
0.000389635 0
0.00041061 0
0.00041071 77.2645
0.000431525 77.2645
0.000431625 112.947
0.00043935 112.947
0.00043945 0
0.00046061 0
0.00046071 112.947
0.000468435 112.947
0.000468535 77.2645
0.00048935 77.2645
0.00048945 0
0.000510825 0
0.000510925 81.6497
0.000532815 81.6497
0.000532915 111.536
0.000539125 111.536
0.000539225 0
0.000560825 0
0.000560925 111.536
0.000567135 111.536
0.000567235 81.6497
0.000589125 81.6497
0.000589225 0
0.000611075 0
0.000611175 85.811
0.00063408 85.811
0.00063418 109.819
0.000638865 109.819
0.000638965 0
0.000661075 0
0.000661175 109.819
0.00066586 109.819
0.00066596 85.811
0.000688865 85.811
0.000688965 0
0.000711365 0
0.000711465 89.7371
0.000735325 89.7371
0.000735425 107.801
0.000738565 107.801
0.000738665 0
0.000761365 0
0.000761465 107.801
0.000764605 107.801
0.000764705 89.7371
0.000788565 89.7371
0.000788665 0
0.00081169 0
0.00081179 93.4172
0.000836535 93.4172
0.000836635 105.487
0.000838225 105.487
0.000838325 0
0.000861695 0
0.000861795 105.487
0.000863385 105.487
0.000863485 93.4172
0.00088823 93.4172
0.00088833 0
0.000912055 0
0.000912155 96.8413
0.00093772 96.8413
0.00093782 102.885
0.000937855 102.885
0.000937955 0
0.000962055 0
0.000962155 102.885
0.00096219 102.885
0.00096229 96.8413
0.000987855 96.8413
0.000987955 0
0.00101174 0
0.00101184 100
0.00103674 100
0.00103684 0
0.00106316 0
0.00106326 100
0.00108816 100
0.00108826 0
0.0011114 0
0.0011115 102.885
0.00113552 102.885
0.00113562 6.04324
0.00113848 6.04324
0.00113858 0
0.0011614 0
0.0011615 6.04324
0.00116437 6.04324
0.00116447 102.885
0.00118849 102.885
0.00118859 0
0.00121109 0
0.00121119 105.487
0.00123427 105.487
0.00123437 12.0699
0.00123878 12.0699
0.00123888 0
0.00126109 0
0.00126119 12.0699
0.0012656 12.0699
0.0012657 105.487
0.00128878 105.487
0.00128888 0
0.00131082 0
0.00131092 107.801
0.001333 107.801
0.0013331 18.0635
0.00133904 18.0635
0.00133914 0
0.00136083 0
0.00136093 18.0635
0.00136687 18.0635
0.00136697 107.801
0.00138904 107.801
0.00138914 0
0.00141059 0
0.00141069 109.819
0.0014317 109.819
0.0014318 24.0076
0.00143926 24.0076
0.00143936 0
0.0014606 0
0.0014607 24.0076
0.00146815 24.0076
0.00146825 109.819
0.00148926 109.819
0.00148936 0
0.0015104 0
0.0015105 111.536
0.00153039 111.536
0.00153049 29.8858
0.00153944 29.8858
0.00153954 0
0.00156041 0
0.00156051 29.8858
0.00156946 29.8858
0.00156956 111.536
0.00158944 111.536
0.00158954 0
0.00161025 0
0.00161035 112.947
0.00162906 112.947
0.00162916 35.6822
0.00163958 35.6822
0.00163968 0
0.00166025 0
0.00166035 35.6822
0.00167077 35.6822
0.00167087 112.947
0.00168958 112.947
0.00168968 0
0.00171014 0
0.00171024 114.048
0.00172772 114.048
0.00172782 41.3808
0.00173968 41.3808
0.00173978 0
0.00176014 0
0.00176024 41.3808
0.0017721 41.3808
0.0017722 114.048
0.00178968 114.048
0.00178978 0
0.00181007 0
0.00181017 114.837
0.00182637 114.837
0.00182647 46.9659
0.00183974 46.9659
0.00183984 0
0.00186008 0
0.00186018 46.9659
0.00187344 46.9659
0.00187354 114.837
0.00188974 114.837
0.00188984 0
0.00191005 0
0.00191015 115.312
0.00192502 115.312
0.00192512 52.4223
0.00193976 52.4223
0.00193986 0
0.00196005 0
0.00196015 52.4223
0.00197478 52.4223
0.00197488 115.312
0.00198976 115.312
0.00198986 0
0.00201006 0
0.00201016 115.47
0.00202367 115.47
0.00202377 57.735
0.00203974 57.735
0.00203984 0
0.00206006 0
0.00206016 57.735
0.00207612 57.735
0.00207622 115.47
0.00208974 115.47
0.00208984 0
0.00209989 0
0.00209999 7.10543e-15
0.00211011 7.10543e-15
0.00211021 115.312
0.00212232 115.312
0.00212242 62.8895
0.00213967 62.8895
0.00213977 -7.10543e-15
0.00216011 -7.10543e-15
0.00216021 62.8895
0.00217747 62.8895
0.00217757 115.312
0.00218968 115.312
0.00218978 7.10543e-15
0.00219989 7.10543e-15
0.00219999 0
0.0022102 0
0.0022103 114.837
0.00222098 114.837
0.00222108 67.8716
0.00223957 67.8716
0.00223967 0
0.00226021 0
0.00226031 67.8716
0.0022788 67.8716
0.0022789 114.837
0.00228957 114.837
0.00228967 0
0.00229988 0
0.00229998 7.10543e-15
0.00231033 7.10543e-15
0.00231043 114.048
0.00231965 114.048
0.00231975 72.6677
0.00233943 72.6677
0.00233953 -7.10543e-15
0.00236034 -7.10543e-15
0.00236044 72.6677
0.00238012 72.6677
0.00238022 114.048
0.00238943 114.048
0.00238953 7.10543e-15
0.00241051 7.10543e-15
0.00241061 112.947
0.00241833 112.947
0.00241843 77.2645
0.00243925 77.2645
0.00243935 -7.10543e-15
0.00246051 -7.10543e-15
0.00246061 77.2645
0.00248142 77.2645
0.00248152 112.947
0.00248925 112.947
0.00248935 7.10543e-15
0.00249987 7.10543e-15
0.00249997 -7.10543e-15
0.00251072 -7.10543e-15
0.00251082 111.536
0.00251703 111.536
0.00251713 81.6497
0.00253902 81.6497
0.00253912 7.10543e-15
0.00256072 7.10543e-15
0.00256082 81.6497
0.00258271 81.6497
0.00258281 111.536
0.00258902 111.536
0.00258912 -7.10543e-15
0.00259987 -7.10543e-15
0.00259997 0
0.00261097 0
0.00261107 109.819
0.00261576 109.819
0.00261586 85.811
0.00263876 85.811
0.00263886 0
0.00266097 0
0.00266107 85.811
0.00268398 85.811
0.00268408 109.819
0.00268876 109.819
0.00268886 0
0.00269986 0
0.00269996 -7.10543e-15
0.00271126 -7.10543e-15
0.00271136 107.801
0.0027145 107.801
0.0027146 89.7371
0.00273846 89.7371
0.00273856 7.10543e-15
0.00276126 7.10543e-15
0.00276136 89.7371
0.00278522 89.7371
0.00278532 107.801
0.00278846 107.801
0.00278856 -7.10543e-15
0.00281159 -7.10543e-15
0.00281169 105.487
0.00281328 105.487
0.00281338 93.4172
0.00283812 93.4172
0.00283822 7.10543e-15
0.00286159 7.10543e-15
0.00286169 93.4172
0.00288644 93.4172
0.00288654 105.487
0.00288813 105.487
0.00288823 -7.10543e-15
0.00289985 -7.10543e-15
0.00289995 0
0.00291195 0
0.00291205 102.885
0.00291209 102.885
0.00291219 96.8413
0.00293775 96.8413
0.00293785 0
0.00296195 0
0.00296205 96.8413
0.00298762 96.8413
0.00298772 102.885
0.00298775 102.885
0.00298785 0
0.00299985 0
0.00299995 7.10543e-15
0.00301164 7.10543e-15
0.00301174 4.9738e-14
0.00301306 4.9738e-14
0.00301316 100
0.00303805 100
0.00303815 -7.10543e-15
0.00306164 -7.10543e-15
0.00306174 100
0.00308664 100
0.00308674 4.9738e-14
0.00308805 4.9738e-14
0.00308815 7.10543e-15
0.00309984 7.10543e-15
0.00309994 0
0.0031113 0
0.0031114 6.04324
0.00311426 6.04324
0.00311436 102.885
0.00313838 102.885
0.00313848 0
0.0031613 0
0.0031614 102.885
0.00318542 102.885
0.00318552 6.04324
0.00318839 6.04324
0.00318849 0
0.00321099 0
0.00321109 12.0699
0.0032155 12.0699
0.0032156 105.487
0.00323868 105.487
0.00323878 0
0.00326099 0
0.00326109 105.487
0.00328417 105.487
0.00328427 12.0699
0.00328868 12.0699
0.00328878 0
0.00329983 0
0.00329993 7.10543e-15
0.00331072 7.10543e-15
0.00331082 18.0635
0.00331676 18.0635
0.00331686 107.801
0.00333894 107.801
0.00333904 -7.10543e-15
0.00336073 -7.10543e-15
0.00336083 107.801
0.0033829 107.801
0.003383 18.0635
0.00338894 18.0635
0.00338904 7.10543e-15
0.00339983 7.10543e-15
0.00339993 0
0.00341049 0
0.00341059 24.0076
0.00341805 24.0076
0.00341815 109.819
0.00343916 109.819
0.00343926 0
0.0034605 0
0.0034606 109.819
0.00348161 109.819
0.00348171 24.0076
0.00348916 24.0076
0.00348926 0
0.0035103 0
0.0035104 29.8858
0.00351935 29.8858
0.00351945 111.536
0.00353934 111.536
0.00353944 0
0.00356031 0
0.00356041 111.536
0.00358029 111.536
0.00358039 29.8858
0.00358934 29.8858
0.00358944 0
0.00361015 0
0.00361025 35.6822
0.00362067 35.6822
0.00362077 112.947
0.00363948 112.947
0.00363958 0
0.00366015 0
0.00366025 112.947
0.00367896 112.947
0.00367906 35.6822
0.00368948 35.6822
0.00368958 0
0.00371004 0
0.00371014 41.3808
0.003722 41.3808
0.0037221 114.048
0.00373958 114.048
0.00373968 0
0.00376004 0
0.00376014 114.048
0.00377762 114.048
0.00377772 41.3808
0.00378958 41.3808
0.00378968 0
0.00380997 0
0.00381007 46.9659
0.00382334 46.9659
0.00382344 114.837
0.00383964 114.837
0.00383974 0
0.00385998 0
0.00386008 114.837
0.00387628 114.837
0.00387638 46.9659
0.00388964 46.9659
0.00388974 0
0.0038998 0
0.0038999 -3.55271e-15
0.00390995 -3.55271e-15
0.00391005 52.4223
0.00392468 52.4223
0.00392478 115.312
0.00393966 115.312
0.00393976 3.55271e-15
0.00395995 3.55271e-15
0.00396005 115.312
0.00397492 115.312
0.00397502 52.4223
0.00398966 52.4223
0.00398976 -3.55271e-15
0.00400996 -3.55271e-15
0.00401006 57.735
0.00402602 57.735
0.00402612 115.47
0.00403964 115.47
0.00403974 3.55271e-15
0.00405996 3.55271e-15
0.00406006 115.47
0.00407357 115.47
0.00407367 57.735
0.00408964 57.735
0.00408974 -3.55271e-15
0.00409979 -3.55271e-15
0.00409989 3.55271e-15
0.00411001 3.55271e-15
0.00411011 62.8895
0.00412736 62.8895
0.00412746 115.312
0.00413957 115.312
0.00413967 -3.55271e-15
0.00416001 -3.55271e-15
0.00416011 115.312
0.00417222 115.312
0.00417232 62.8895
0.00418958 62.8895
0.00418968 3.55271e-15
0.0042101 3.55271e-15
0.0042102 67.8716
0.00422869 67.8716
0.00422879 114.837
0.00423947 114.837
0.00423957 -3.55271e-15
0.00426011 -3.55271e-15
0.00426021 114.837
0.00427088 114.837
0.00427098 67.8716
0.00428947 67.8716
0.00428957 3.55271e-15
0.00429978 3.55271e-15
0.00429988 -3.55271e-15
0.00431023 -3.55271e-15
0.00431033 72.6677
0.00433001 72.6677
0.00433011 114.048
0.00433933 114.048
0.00433943 3.55271e-15
0.00436024 3.55271e-15
0.00436034 114.048
0.00436955 114.048
0.00436965 72.6677
0.00438933 72.6677
0.00438943 -3.55271e-15
0.00439978 -3.55271e-15
0.00439988 3.55271e-15
0.00441041 3.55271e-15
0.00441051 77.2645
0.00443132 77.2645
0.00443142 112.947
0.00443915 112.947
0.00443925 -3.55271e-15
0.00446041 -3.55271e-15
0.00446051 112.947
0.00446823 112.947
0.00446833 77.2645
0.00448915 77.2645
0.00448925 3.55271e-15
0.00449977 3.55271e-15
0.00449987 0
0.00451062 0
0.00451072 81.6497
0.00453261 81.6497
0.00453271 111.536
0.00453892 111.536
0.00453902 0
0.00456062 0
0.00456072 111.536
0.00456693 111.536
0.00456703 81.6497
0.00458892 81.6497
0.00458902 0
0.00459977 0
0.00459987 3.55271e-15
0.00461087 3.55271e-15
0.00461097 85.811
0.00463388 85.811
0.00463398 109.819
0.00463866 109.819
0.00463876 -3.55271e-15
0.00466087 -3.55271e-15
0.00466097 109.819
0.00466566 109.819
0.00466576 85.811
0.00468866 85.811
0.00468876 3.55271e-15
0.00471116 3.55271e-15
0.00471126 89.7371
0.00473512 89.7371
0.00473522 107.801
0.00473836 107.801
0.00473846 -3.55271e-15
0.00476116 -3.55271e-15
0.00476126 107.801
0.0047644 107.801
0.0047645 89.7371
0.00478836 89.7371
0.00478846 3.55271e-15
0.00479976 3.55271e-15
0.00479986 -3.55271e-15
0.00481149 -3.55271e-15
0.00481159 93.4172
0.00483633 93.4172
0.00483643 105.487
0.00483802 105.487
0.00483812 3.55271e-15
0.00486149 3.55271e-15
0.00486159 105.487
0.00486318 105.487
0.00486328 93.4172
0.00488803 93.4172
0.00488813 -3.55271e-15
0.00489975 -3.55271e-15
0.00489985 3.55271e-15
0.00491185 3.55271e-15
0.00491195 96.8413
0.00493752 96.8413
0.00493762 102.885
0.00493765 102.885
0.00493775 -3.55271e-15
0.00496185 -3.55271e-15
0.00496195 102.885
0.00496199 102.885
0.00496209 96.8413
0.00498765 96.8413
0.00498775 3.55271e-15
0.00499975 3.55271e-15
0.00499985 0
0.00501154 0
0.00501164 100
0.00503654 100
0.00503664 -9.9476e-14
0.00503795 -9.9476e-14
0.00503805 0
0.00506154 0
0.00506164 -9.9476e-14
0.00506296 -9.9476e-14
0.00506306 100
0.00508796 100
0.00508806 0
0.00509974 0
0.00509984 3.55271e-15
0.0051112 3.55271e-15
0.0051113 102.885
0.00513532 102.885
0.00513542 6.04324
0.00513828 6.04324
0.00513838 -3.55271e-15
0.0051612 -3.55271e-15
0.0051613 6.04324
0.00516417 6.04324
0.00516427 102.885
0.00518829 102.885
0.00518839 3.55271e-15
0.00519974 3.55271e-15
0.00519984 0
0.00521089 0
0.00521099 105.487
0.00523407 105.487
0.00523417 12.0699
0.00523858 12.0699
0.00523868 0
0.00526089 0
0.00526099 12.0699
0.0052654 12.0699
0.0052655 105.487
0.00528858 105.487
0.00528868 0
0.00529973 0
0.00529983 -3.55271e-15
0.00531062 -3.55271e-15
0.00531072 107.801
0.0053328 107.801
0.0053329 18.0635
0.00533884 18.0635
0.00533894 3.55271e-15
0.00536063 3.55271e-15
0.00536073 18.0635
0.00536667 18.0635
0.00536677 107.801
0.00538884 107.801
0.00538894 -3.55271e-15
0.00541039 -3.55271e-15
0.00541049 109.819
0.0054315 109.819
0.0054316 24.0076
0.00543906 24.0076
0.00543916 3.55271e-15
0.0054604 3.55271e-15
0.0054605 24.0076
0.00546795 24.0076
0.00546805 109.819
0.00548906 109.819
0.00548916 -3.55271e-15
0.00549972 -3.55271e-15
0.00549982 1.77636e-15
0.0055102 1.77636e-15
0.0055103 111.536
0.00553019 111.536
0.00553029 29.8858
0.00553924 29.8858
0.00553934 -1.77636e-15
0.00556021 -1.77636e-15
0.00556031 29.8858
0.00556926 29.8858
0.00556936 111.536
0.00558924 111.536
0.00558934 1.77636e-15
0.00559972 1.77636e-15
0.00559982 0
0.00561005 0
0.00561015 112.947
0.00562886 112.947
0.00562896 35.6822
0.00563938 35.6822
0.00563948 0
0.00566005 0
0.00566015 35.6822
0.00567057 35.6822
0.00567067 112.947
0.00568938 112.947
0.00568948 0
0.00569971 0
0.00569981 3.55271e-15
0.00570994 3.55271e-15
0.00571004 114.048
0.00572752 114.048
0.00572762 41.3808
0.00573948 41.3808
0.00573958 -3.55271e-15
0.00575994 -3.55271e-15
0.00576004 41.3808
0.0057719 41.3808
0.005772 114.048
0.00578948 114.048
0.00578958 3.55271e-15
0.00579971 3.55271e-15
0.00579981 -3.55271e-15
0.00580987 -3.55271e-15
0.00580997 114.837
0.00582617 114.837
0.00582627 46.9659
0.00583954 46.9659
0.00583964 3.55271e-15
0.00585988 3.55271e-15
0.00585998 46.9659
0.00587324 46.9659
0.00587334 114.837
0.00588954 114.837
0.00588964 -3.55271e-15
0.0058997 -3.55271e-15
0.0058998 0
0.00590985 0
0.00590995 115.312
0.00592482 115.312
0.00592492 52.4223
0.00593956 52.4223
0.00593966 0
0.00595985 0
0.00595995 52.4223
0.00597458 52.4223
0.00597468 115.312
0.00598956 115.312
0.00598966 0
0.00600986 0
0.00600996 115.47
0.00602347 115.47
0.00602357 57.735
0.00603954 57.735
0.00603964 0
0.00605986 0
0.00605996 57.735
0.00607592 57.735
0.00607602 115.47
0.00608954 115.47
0.00608964 0
0.00610991 0
0.00611001 115.312
0.00612212 115.312
0.00612222 62.8895
0.00613947 62.8895
0.00613957 0
0.00615991 0
0.00616001 62.8895
0.00617727 62.8895
0.00617737 115.312
0.00618948 115.312
0.00618958 0
0.00619969 0
0.00619979 7.10543e-15
0.00621 7.10543e-15
0.0062101 114.837
0.00622078 114.837
0.00622088 67.8716
0.00623937 67.8716
0.00623947 -7.10543e-15
0.00626001 -7.10543e-15
0.00626011 67.8716
0.0062786 67.8716
0.0062787 114.837
0.00628937 114.837
0.00628947 7.10543e-15
0.00629968 7.10543e-15
0.00629978 0
0.00631013 0
0.00631023 114.048
0.00631945 114.048
0.00631955 72.6677
0.00633923 72.6677
0.00633933 0
0.00636014 0
0.00636024 72.6677
0.00637992 72.6677
0.00638002 114.048
0.00638923 114.048
0.00638933 0
0.00641031 0
0.00641041 112.947
0.00641813 112.947
0.00641823 77.2645
0.00643905 77.2645
0.00643915 0
0.00646031 0
0.00646041 77.2645
0.00648122 77.2645
0.00648132 112.947
0.00648905 112.947
0.00648915 0
0.00651052 0
0.00651062 111.536
0.00651683 111.536
0.00651693 81.6497
0.00653882 81.6497
0.00653892 0
0.00656052 0
0.00656062 81.6497
0.00658251 81.6497
0.00658261 111.536
0.00658882 111.536
0.00658892 0
0.00661077 0
0.00661087 109.819
0.00661556 109.819
0.00661566 85.811
0.00663856 85.811
0.00663866 0
0.00666077 0
0.00666087 85.811
0.00668378 85.811
0.00668388 109.819
0.00668856 109.819
0.00668866 0
0.00671106 0
0.00671116 107.801
0.0067143 107.801
0.0067144 89.7371
0.00673826 89.7371
0.00673836 0
0.00676106 0
0.00676116 89.7371
0.00678502 89.7371
0.00678512 107.801
0.00678826 107.801
0.00678836 0
0.00681139 0
0.00681149 105.487
0.00681308 105.487
0.00681318 93.4172
0.00683792 93.4172
0.00683802 0
0.00686139 0
0.00686149 93.4172
0.00688624 93.4172
0.00688634 105.487
0.00688793 105.487
0.00688803 0
0.00691175 0
0.00691185 102.885
0.00691189 102.885
0.00691199 96.8413
0.00693755 96.8413
0.00693765 0
0.00696175 0
0.00696185 96.8413
0.00698742 96.8413
0.00698752 102.885
0.00698755 102.885
0.00698765 0
0.00701144 0
0.00701154 -4.40536e-13
0.00701285 -4.40536e-13
0.00701295 100
0.00703785 100
0.00703795 0
0.00706144 0
0.00706154 100
0.00708644 100
0.00708654 -4.40536e-13
0.00708786 -4.40536e-13
0.00708796 0
0.0071111 0
0.0071112 6.04324
0.00711406 6.04324
0.00711416 102.885
0.00713818 102.885
0.00713828 0
0.0071611 0
0.0071612 102.885
0.00718522 102.885
0.00718532 6.04324
0.00718819 6.04324
0.00718829 0
0.00721079 0
0.00721089 12.0699
0.0072153 12.0699
0.0072154 105.487
0.00723848 105.487
0.00723858 0
0.00726079 0
0.00726089 105.487
0.00728397 105.487
0.00728407 12.0699
0.00728848 12.0699
0.00728858 0
0.00731052 0
0.00731062 18.0635
0.00731656 18.0635
0.00731666 107.801
0.00733874 107.801
0.00733884 0
0.00736053 0
0.00736063 107.801
0.0073827 107.801
0.0073828 18.0635
0.00738874 18.0635
0.00738884 0
0.00741029 0
0.00741039 24.0076
0.00741785 24.0076
0.00741795 109.819
0.00743896 109.819
0.00743906 0
0.0074603 0
0.0074604 109.819
0.00748141 109.819
0.00748151 24.0076
0.00748896 24.0076
0.00748906 0
0.0075101 0
0.0075102 29.8858
0.00751915 29.8858
0.00751925 111.536
0.00753914 111.536
0.00753924 0
0.00756011 0
0.00756021 111.536
0.00758009 111.536
0.00758019 29.8858
0.00758914 29.8858
0.00758924 0
0.00760995 0
0.00761005 35.6822
0.00762047 35.6822
0.00762057 112.947
0.00763928 112.947
0.00763938 0
0.00765995 0
0.00766005 112.947
0.00767876 112.947
0.00767886 35.6822
0.00768928 35.6822
0.00768938 0
0.00770984 0
0.00770994 41.3808
0.0077218 41.3808
0.0077219 114.048
0.00773938 114.048
0.00773948 0
0.00775984 0
0.00775994 114.048
0.00777742 114.048
0.00777752 41.3808
0.00778938 41.3808
0.00778948 0
0.00780977 0
0.00780987 46.9659
0.00782314 46.9659
0.00782324 114.837
0.00783944 114.837
0.00783954 0
0.00785978 0
0.00785988 114.837
0.00787608 114.837
0.00787618 46.9659
0.00788944 46.9659
0.00788954 0
0.00790975 0
0.00790985 52.4223
0.00792448 52.4223
0.00792458 115.312
0.00793946 115.312
0.00793956 0
0.00795975 0
0.00795985 115.312
0.00797472 115.312
0.00797482 52.4223
0.00798946 52.4223
0.00798956 0
0.00800976 0
0.00800986 57.735
0.00802582 57.735
0.00802592 115.47
0.00803944 115.47
0.00803954 0
0.00805976 0
0.00805986 115.47
0.00807338 115.47
0.00807348 57.735
0.00808944 57.735
0.00808954 0
0.0080996 0
0.0080997 7.10543e-15
0.00810981 7.10543e-15
0.00810991 62.8895
0.00812717 62.8895
0.00812727 115.312
0.00813938 115.312
0.00813948 -7.10543e-15
0.00815982 -7.10543e-15
0.00815992 115.312
0.00817203 115.312
0.00817213 62.8895
0.00818938 62.8895
0.00818948 7.10543e-15
0.00819959 7.10543e-15
0.00819969 0
0.00820991 0
0.00821001 67.8716
0.0082285 67.8716
0.0082286 114.837
0.00823927 114.837
0.00823937 0
0.00825991 0
0.00826001 114.837
0.00827069 114.837
0.00827079 67.8716
0.00828928 67.8716
0.00828938 0
0.00829959 0
0.00829969 7.10543e-15
0.00831004 7.10543e-15
0.00831014 72.6677
0.00832982 72.6677
0.00832992 114.048
0.00833913 114.048
0.00833923 -7.10543e-15
0.00836004 -7.10543e-15
0.00836014 114.048
0.00836936 114.048
0.00836946 72.6677
0.00838914 72.6677
0.00838924 7.10543e-15
0.00839958 7.10543e-15
0.00839968 -7.10543e-15
0.00841021 -7.10543e-15
0.00841031 77.2645
0.00843113 77.2645
0.00843123 112.947
0.00843895 112.947
0.00843905 7.10543e-15
0.00846021 7.10543e-15
0.00846031 112.947
0.00846804 112.947
0.00846814 77.2645
0.00848895 77.2645
0.00848905 -7.10543e-15
0.00849958 -7.10543e-15
0.00849968 0
0.00851043 0
0.00851053 81.6497
0.00853242 81.6497
0.00853252 111.536
0.00853873 111.536
0.00853883 0
0.00856043 0
0.00856053 111.536
0.00856674 111.536
0.00856684 81.6497
0.00858873 81.6497
0.00858883 0
0.00861068 0
0.00861078 85.811
0.00863368 85.811
0.00863378 109.819
0.00863847 109.819
0.00863857 0
0.00866068 0
0.00866078 109.819
0.00866546 109.819
0.00866556 85.811
0.00868847 85.811
0.00868857 0
0.00871097 0
0.00871107 89.7371
0.00873493 89.7371
0.00873503 107.801
0.00873817 107.801
0.00873827 0
0.00876097 0
0.00876107 107.801
0.00876421 107.801
0.00876431 89.7371
0.00878817 89.7371
0.00878827 0
0.00879956 0
0.00879966 -7.10543e-15
0.00881129 -7.10543e-15
0.00881139 93.4172
0.00883614 93.4172
0.00883624 105.487
0.00883783 105.487
0.00883793 7.10543e-15
0.0088613 7.10543e-15
0.0088614 105.487
0.00886299 105.487
0.00886309 93.4172
0.00888783 93.4172
0.00888793 -7.10543e-15
0.00889956 -7.10543e-15
0.00889966 7.10543e-15
0.00891166 7.10543e-15
0.00891176 96.8413
0.00893732 96.8413
0.00893742 102.885
0.00893746 102.885
0.00893756 -7.10543e-15
0.00896166 -7.10543e-15
0.00896176 102.885
0.00896179 102.885
0.00896189 96.8413
0.00898746 96.8413
0.00898756 7.10543e-15
0.00899955 7.10543e-15
0.00899965 -7.10543e-15
0.00901135 -7.10543e-15
0.00901145 100
0.00903634 100
0.00903644 -1.20792e-13
0.00903776 -1.20792e-13
0.00903786 7.10543e-15
0.00906135 7.10543e-15
0.00906145 -1.20792e-13
0.00906276 -1.20792e-13
0.00906286 100
0.00908776 100
0.00908786 -7.10543e-15
0.00909955 -7.10543e-15
0.00909965 0
0.009111 0
0.0091111 102.885
0.00913512 102.885
0.00913522 6.04324
0.00913809 6.04324
0.00913819 0
0.00916101 0
0.00916111 6.04324
0.00916397 6.04324
0.00916407 102.885
0.00918809 102.885
0.00918819 0
0.00919954 0
0.00919964 -7.10543e-15
0.0092107 -7.10543e-15
0.0092108 105.487
0.00923388 105.487
0.00923398 12.0699
0.00923839 12.0699
0.00923849 7.10543e-15
0.0092607 7.10543e-15
0.0092608 12.0699
0.00926521 12.0699
0.00926531 105.487
0.00928839 105.487
0.00928849 -7.10543e-15
0.00931043 -7.10543e-15
0.00931053 107.801
0.0093326 107.801
0.0093327 18.0635
0.00933864 18.0635
0.00933874 7.10543e-15
0.00936043 7.10543e-15
0.00936053 18.0635
0.00936647 18.0635
0.00936657 107.801
0.00938865 107.801
0.00938875 -7.10543e-15
0.0094102 -7.10543e-15
0.0094103 109.819
0.00943131 109.819
0.00943141 24.0076
0.00943886 24.0076
0.00943896 7.10543e-15
0.0094602 7.10543e-15
0.0094603 24.0076
0.00946776 24.0076
0.00946786 109.819
0.00948887 109.819
0.00948897 -7.10543e-15
0.00949953 -7.10543e-15
0.00949963 7.10543e-15
0.00951001 7.10543e-15
0.00951011 111.536
0.00952999 111.536
0.00953009 29.8858
0.00953904 29.8858
0.00953914 -7.10543e-15
0.00956001 -7.10543e-15
0.00956011 29.8858
0.00956906 29.8858
0.00956916 111.536
0.00958905 111.536
0.00958915 7.10543e-15
0.00959952 7.10543e-15
0.00959962 0
0.00960986 0
0.00960996 112.947
0.00962867 112.947
0.00962877 35.6822
0.00963919 35.6822
0.00963929 0
0.00965986 0
0.00965996 35.6822
0.00967038 35.6822
0.00967048 112.947
0.00968919 112.947
0.00968929 0
0.00969952 0
0.00969962 -7.10543e-15
0.00970975 -7.10543e-15
0.00970985 114.048
0.00972733 114.048
0.00972743 41.3808
0.00973929 41.3808
0.00973939 7.10543e-15
0.00975975 7.10543e-15
0.00975985 41.3808
0.00977171 41.3808
0.00977181 114.048
0.00978929 114.048
0.00978939 -7.10543e-15
0.00979951 -7.10543e-15
0.00979961 0
0.00980968 0
0.00980978 114.837
0.00982598 114.837
0.00982608 46.9659
0.00983934 46.9659
0.00983944 0
0.00985968 0
0.00985978 46.9659
0.00987305 46.9659
0.00987315 114.837
0.00988935 114.837
0.00988945 0
0.00990965 0
0.00990975 115.312
0.00992463 115.312
0.00992473 52.4223
0.00993936 52.4223
0.00993946 0
0.00995965 0
0.00995975 52.4223
0.00997439 52.4223
0.00997449 115.312
0.00998936 115.312
0.00998946 0
0.0100097 0
0.0100098 115.47
0.0100233 115.47
0.0100234 57.735
0.0100393 57.735
0.0100394 0
0.0100597 0
0.0100598 57.735
0.0100757 57.735
0.0100758 115.47
0.0100893 115.47
0.0100894 0
0.0100995 0
0.0100996 -3.55271e-15
0.0101097 -3.55271e-15
0.0101098 115.312
0.0101219 115.312
0.010122 62.8895
0.0101393 62.8895
0.0101394 3.55271e-15
0.0101597 3.55271e-15
0.0101598 62.8895
0.0101771 62.8895
0.0101772 115.312
0.0101893 115.312
0.0101894 -3.55271e-15
0.0101995 -3.55271e-15
0.0101996 0
0.0102098 0
0.0102099 114.837
0.0102206 114.837
0.0102207 67.8716
0.0102392 67.8716
0.0102393 0
0.0102598 0
0.0102599 67.8716
0.0102784 67.8716
0.0102785 114.837
0.0102892 114.837
0.0102893 0
0.0102995 0
0.0102996 -3.55271e-15
0.0103099 -3.55271e-15
0.01031 114.048
0.0103193 114.048
0.0103194 72.6677
0.010339 72.6677
0.0103391 3.55271e-15
0.0103599 3.55271e-15
0.01036 72.6677
0.0103797 72.6677
0.0103798 114.048
0.010389 114.048
0.0103891 -3.55271e-15
0.0103995 -3.55271e-15
0.0103996 3.55271e-15
0.0104101 3.55271e-15
0.0104102 112.947
0.0104179 112.947
0.010418 77.2645
0.0104389 77.2645
0.010439 -3.55271e-15
0.0104601 -3.55271e-15
0.0104602 77.2645
0.010481 77.2645
0.0104811 112.947
0.0104889 112.947
0.010489 3.55271e-15
0.0104995 3.55271e-15
0.0104996 0
0.0105103 0
0.0105104 111.536
0.0105166 111.536
0.0105167 81.6497
0.0105386 81.6497
0.0105387 0
0.0105603 0
0.0105604 81.6497
0.0105823 81.6497
0.0105824 111.536
0.0105886 111.536
0.0105887 0
0.0105995 0
0.0105996 3.55271e-15
0.0106106 3.55271e-15
0.0106107 109.819
0.0106154 109.819
0.0106155 85.811
0.0106384 85.811
0.0106385 -3.55271e-15
0.0106606 -3.55271e-15
0.0106607 85.811
0.0106836 85.811
0.0106837 109.819
0.0106884 109.819
0.0106885 3.55271e-15
0.0106995 3.55271e-15
0.0106996 0
0.0107109 0
0.010711 107.801
0.0107141 107.801
0.0107142 89.7371
0.0107381 89.7371
0.0107382 0
0.0107609 0
0.010761 89.7371
0.0107848 89.7371
0.0107849 107.801
0.0107881 107.801
0.0107882 0
0.0108112 0
0.0108113 105.487
0.0108129 105.487
0.010813 93.4172
0.0108377 93.4172
0.0108378 0
0.0108612 0
0.0108613 93.4172
0.010886 93.4172
0.0108861 105.487
0.0108877 105.487
0.0108878 0
0.0109116 0
0.0109117 102.885
0.0109117 102.885
0.0109118 96.8413
0.0109374 96.8413
0.0109375 0
0.0109616 0
0.0109617 96.8413
0.0109872 96.8413
0.0109873 102.885
0.0109874 102.885
0.0109875 0
0.0109995 0
0.0109996 3.55271e-15
0.0110112 3.55271e-15
0.0110113 5.64881e-13
0.0110127 5.64881e-13
0.0110128 100
0.0110377 100
0.0110378 -3.55271e-15
0.0110612 -3.55271e-15
0.0110613 100
0.0110862 100
0.0110863 5.64881e-13
0.0110877 5.64881e-13
0.0110878 3.55271e-15
0.0110994 3.55271e-15
0.0110995 0
0.0111109 0
0.011111 6.04324
0.0111139 6.04324
0.011114 102.885
0.011138 102.885
0.0111381 0
0.0111609 0
0.011161 102.885
0.011185 102.885
0.0111851 6.04324
0.011188 6.04324
0.0111881 0
0.0112106 0
0.0112107 12.0699
0.0112151 12.0699
0.0112152 105.487
0.0112383 105.487
0.0112384 0
0.0112606 0
0.0112607 105.487
0.0112838 105.487
0.0112839 12.0699
0.0112883 12.0699
0.0112884 0
0.0112994 0
0.0112995 3.55271e-15
0.0113103 3.55271e-15
0.0113104 18.0635
0.0113164 18.0635
0.0113165 107.801
0.0113385 107.801
0.0113386 -3.55271e-15
0.0113603 -3.55271e-15
0.0113604 107.801
0.0113825 107.801
0.0113826 18.0635
0.0113885 18.0635
0.0113886 3.55271e-15
0.0113994 3.55271e-15
0.0113995 -1.77636e-15
0.0114101 -1.77636e-15
0.0114102 24.0076
0.0114177 24.0076
0.0114178 109.819
0.0114388 109.819
0.0114389 1.77636e-15
0.0114601 1.77636e-15
0.0114602 109.819
0.0114812 109.819
0.0114813 24.0076
0.0114888 24.0076
0.0114889 -1.77636e-15
0.0115099 -1.77636e-15
0.01151 29.8858
0.011519 29.8858
0.0115191 111.536
0.0115389 111.536
0.011539 1.77636e-15
0.0115599 1.77636e-15
0.01156 111.536
0.0115799 111.536
0.01158 29.8858
0.0115889 29.8858
0.011589 -1.77636e-15
0.0115994 -1.77636e-15
0.0115995 0
0.0116098 0
0.0116099 35.6822
0.0116203 35.6822
0.0116204 112.947
0.0116391 112.947
0.0116392 0
0.0116598 0
0.0116599 112.947
0.0116786 112.947
0.0116787 35.6822
0.0116891 35.6822
0.0116892 0
0.0117096 0
0.0117097 41.3808
0.0117216 41.3808
0.0117217 114.048
0.0117392 114.048
0.0117393 0
0.0117596 0
0.0117597 114.048
0.0117772 114.048
0.0117773 41.3808
0.0117892 41.3808
0.0117893 0
0.0117994 0
0.0117995 3.55271e-15
0.0118096 3.55271e-15
0.0118097 46.9659
0.0118229 46.9659
0.011823 114.837
0.0118392 114.837
0.0118393 -3.55271e-15
0.0118596 -3.55271e-15
0.0118597 114.837
0.0118759 114.837
0.011876 46.9659
0.0118892 46.9659
0.0118893 3.55271e-15
0.0118994 3.55271e-15
0.0118995 0
0.0119096 0
0.0119097 52.4223
0.0119243 52.4223
0.0119244 115.312
0.0119393 115.312
0.0119394 0
0.0119596 0
0.0119597 115.312
0.0119745 115.312
0.0119746 52.4223
0.0119893 52.4223
0.0119894 0
0.0119994 0
