5e-09 0
1.4175e-05 0
1.4275e-05 115.47
3.5825e-05 115.47
3.5925e-05 0
6.4175e-05 0
6.4275e-05 115.47
8.5825e-05 115.47
8.5925e-05 0
0.00011386 0
0.00011396 62.8895
0.000115165 62.8895
0.000115265 115.312
0.00013613 115.312
0.00013623 0
0.00016386 0
0.00016396 115.312
0.000184825 115.312
0.000184925 62.8895
0.00018613 62.8895
0.00018623 0
0.00021357 0
0.00021367 67.8716
0.00021618 67.8716
0.00021628 114.837
0.000236405 114.837
0.000236505 0
0.000263575 0
0.000263675 114.837
0.0002838 114.837
0.0002839 67.8716
0.00028641 67.8716
0.00028651 0
0.000313315 0
0.000313415 72.6677
0.000317225 72.6677
0.000317325 114.048
0.00033665 114.048
0.00033675 0
0.00036332 0
0.00036342 114.048
0.000382745 114.048
0.000382845 72.6677
0.000386655 72.6677
0.000386755 0
0.000413095 0
0.000413195 77.2645
0.00041829 77.2645
0.00041839 112.947
0.000436865 112.947
0.000436965 0
0.000463095 0
0.000463195 112.947
0.00048167 112.947
0.00048177 77.2645
0.000486865 77.2645
0.000486965 0
0.0005129 0
0.000513 81.6497
0.00051937 81.6497
0.00051947 111.536
0.000537045 111.536
0.000537145 0
0.000562905 0
0.000563005 111.536
0.00058058 111.536
0.00058068 81.6497
0.00058705 81.6497
0.00058715 0
0.000612745 0
0.000612845 85.811
0.00062047 85.811
0.00062057 109.819
0.000637195 109.819
0.000637295 0
0.000662745 0
0.000662845 109.819
0.00067947 109.819
0.00067957 85.811
0.000687195 85.811
0.000687295 0
0.00071262 0
0.00071272 89.7371
0.000721575 89.7371
0.000721675 107.801
0.000737305 107.801
0.000737405 0
0.000762625 0
0.000762725 107.801
0.000778355 107.801
0.000778455 89.7371
0.00078731 89.7371
0.00078741 0
0.00081253 0
0.00081263 93.4172
0.000822695 93.4172
0.000822795 105.487
0.000837385 105.487
0.000837485 0
0.000862535 0
0.000862635 105.487
0.000877225 105.487
0.000877325 93.4172
0.00088739 93.4172
0.00088749 0
0.000912475 0
0.000912575 96.8413
0.00092382 96.8413
0.00092392 102.885
0.000937435 102.885
0.000937535 0
0.000962475 0
0.000962575 102.885
0.00097609 102.885
0.00097619 96.8413
0.000987435 96.8413
0.000987535 0
0.00101245 0
0.00101255 100
0.00103744 100
0.00103754 0
0.00106245 0
0.00106255 100
0.00108745 100
0.00108755 0
0.00111246 0
0.00111256 102.885
0.00112608 102.885
0.00112618 96.8413
0.00113742 96.8413
0.00113752 0
0.00116246 0
0.00116256 96.8413
0.00117381 96.8413
0.00117391 102.885
0.00118742 102.885
0.00118752 0
0.00121251 0
0.00121261 105.487
0.0012272 105.487
0.0012273 93.4172
0.00123736 93.4172
0.00123746 0
0.00126251 0
0.00126261 93.4172
0.00127268 93.4172
0.00127278 105.487
0.00128737 105.487
0.00128747 0
0.00131259 0
0.00131269 107.801
0.00132832 107.801
0.00132842 89.7371
0.00133727 89.7371
0.00133737 0
0.00136259 0
0.00136269 89.7371
0.00137155 89.7371
0.00137165 107.801
0.00138728 107.801
0.00138738 0
0.0014127 0
0.0014128 109.819
0.00142943 109.819
0.00142953 85.811
0.00143715 85.811
0.00143725 0
0.0014627 0
0.0014628 85.811
0.00147043 85.811
0.00147053 109.819
0.00148715 109.819
0.00148725 0
0.00151285 0
0.00151295 111.536
0.00153052 111.536
0.00153062 81.6497
0.00153699 81.6497
0.00153709 0
0.00156285 0
0.00156295 81.6497
0.00156932 81.6497
0.00156942 111.536
0.001587 111.536
0.0015871 0
0.00161303 0
0.00161313 112.947
0.00163161 112.947
0.00163171 77.2645
0.0016368 77.2645
0.0016369 0
0.00166303 0
0.00166313 77.2645
0.00166823 77.2645
0.00166833 112.947
0.0016868 112.947
0.0016869 0
0.00171324 0
0.00171334 114.048
0.00173267 114.048
0.00173277 72.6677
0.00173658 72.6677
0.00173668 0
0.00176325 0
0.00176335 72.6677
0.00176716 72.6677
0.00176726 114.048
0.00178658 114.048
0.00178668 0
0.00181349 0
0.00181359 114.837
0.00183371 114.837
0.00183381 67.8716
0.00183632 67.8716
0.00183642 0
0.00186349 0
0.00186359 67.8716
0.0018661 67.8716
0.0018662 114.837
0.00188633 114.837
0.00188643 0
0.00191377 0
0.00191387 115.312
0.00193473 115.312
0.00193483 62.8895
0.00193604 62.8895
0.00193614 0
0.00196377 0
0.00196387 62.8895
0.00196507 62.8895
0.00196517 115.312
0.00198604 115.312
0.00198614 0
0.00201407 0
0.00201417 115.47
0.00203572 115.47
0.00203582 0
0.00206407 0
0.00206417 115.47
0.00208572 115.47
0.00208582 0
0.00209989 0
0.00209999 7.10543e-15
0.00211376 7.10543e-15
0.00211386 115.312
0.00213472 115.312
0.00213482 62.8895
0.00213603 62.8895
0.00213613 -7.10543e-15
0.00216376 -7.10543e-15
0.00216386 62.8895
0.00216506 62.8895
0.00216516 115.312
0.00218603 115.312
0.00218613 7.10543e-15
0.00219989 7.10543e-15
0.00219999 0
0.00221347 0
0.00221357 114.837
0.00223369 114.837
0.00223379 67.8716
0.0022363 67.8716
0.0022364 0
0.00226347 0
0.00226357 67.8716
0.00226608 67.8716
0.00226618 114.837
0.00228631 114.837
0.00228641 0
0.00229988 0
0.00229998 7.10543e-15
0.00231321 7.10543e-15
0.00231331 114.048
0.00233264 114.048
0.00233274 72.6677
0.00233655 72.6677
0.00233665 -7.10543e-15
0.00236322 -7.10543e-15
0.00236332 72.6677
0.00236713 72.6677
0.00236723 114.048
0.00238655 114.048
0.00238665 7.10543e-15
0.00241299 7.10543e-15
0.00241309 112.947
0.00243157 112.947
0.00243167 77.2645
0.00243676 77.2645
0.00243686 -7.10543e-15
0.00246299 -7.10543e-15
0.00246309 77.2645
0.00246819 77.2645
0.00246829 112.947
0.00248676 112.947
0.00248686 7.10543e-15
0.00249987 7.10543e-15
0.00249997 -7.10543e-15
0.0025128 -7.10543e-15
0.0025129 111.536
0.00253047 111.536
0.00253057 81.6497
0.00253694 81.6497
0.00253704 7.10543e-15
0.0025628 7.10543e-15
0.0025629 81.6497
0.00256927 81.6497
0.00256937 111.536
0.00258695 111.536
0.00258705 -7.10543e-15
0.00259987 -7.10543e-15
0.00259997 0
0.00261264 0
0.00261274 109.819
0.00262937 109.819
0.00262947 85.811
0.00263709 85.811
0.00263719 0
0.00266264 0
0.00266274 85.811
0.00267037 85.811
0.00267047 109.819
0.00268709 109.819
0.00268719 0
0.00269986 0
0.00269996 -7.10543e-15
0.00271252 -7.10543e-15
0.00271262 107.801
0.00272825 107.801
0.00272835 89.7371
0.0027372 89.7371
0.0027373 7.10543e-15
0.00276252 7.10543e-15
0.00276262 89.7371
0.00277148 89.7371
0.00277158 107.801
0.00278721 107.801
0.00278731 -7.10543e-15
0.00281243 -7.10543e-15
0.00281253 105.487
0.00282712 105.487
0.00282722 93.4172
0.00283728 93.4172
0.00283738 7.10543e-15
0.00286243 7.10543e-15
0.00286253 93.4172
0.0028726 93.4172
0.0028727 105.487
0.00288729 105.487
0.00288739 -7.10543e-15
0.00289985 -7.10543e-15
0.00289995 0
0.00291237 0
0.00291247 102.885
0.00292599 102.885
0.00292609 96.8413
0.00293733 96.8413
0.00293743 0
0.00296237 0
0.00296247 96.8413
0.00297372 96.8413
0.00297382 102.885
0.00298733 102.885
0.00298743 0
0.00299985 0
0.00299995 7.10543e-15
0.00301235 7.10543e-15
0.00301245 100
0.00302485 100
0.00302495 100
0.00303734 100
0.00303744 -7.10543e-15
0.00306235 -7.10543e-15
0.00306245 100
0.00307485 100
0.00307495 100
0.00308734 100
0.00308744 7.10543e-15
0.00309984 7.10543e-15
0.00309994 0
0.00311236 0
0.00311246 96.8413
0.00312371 96.8413
0.00312381 102.885
0.00313732 102.885
0.00313742 0
0.00316236 0
0.00316246 102.885
0.00317598 102.885
0.00317608 96.8413
0.00318732 96.8413
0.00318742 0
0.00321241 0
0.00321251 93.4172
0.00322257 93.4172
0.00322267 105.487
0.00323726 105.487
0.00323736 0
0.00326241 0
0.00326251 105.487
0.0032771 105.487
0.0032772 93.4172
0.00328727 93.4172
0.00328737 0
0.00329983 0
0.00329993 7.10543e-15
0.00331249 7.10543e-15
0.00331259 89.7371
0.00332144 89.7371
0.00332154 107.801
0.00333717 107.801
0.00333727 -7.10543e-15
0.00336249 -7.10543e-15
0.00336259 107.801
0.00337822 107.801
0.00337832 89.7371
0.00338718 89.7371
0.00338728 7.10543e-15
0.00339983 7.10543e-15
0.00339993 0
0.0034126 0
0.0034127 85.811
0.00342033 85.811
0.00342043 109.819
0.00343705 109.819
0.00343715 0
0.0034626 0
0.0034627 109.819
0.00347933 109.819
0.00347943 85.811
0.00348705 85.811
0.00348715 0
0.00351275 0
0.00351285 81.6497
0.00351922 81.6497
0.00351932 111.536
0.00353689 111.536
0.00353699 0
0.00356275 0
0.00356285 111.536
0.00358043 111.536
0.00358053 81.6497
0.0035869 81.6497
0.003587 0
0.00361293 0
0.00361303 77.2645
0.00361813 77.2645
0.00361823 112.947
0.0036367 112.947
0.0036368 0
0.00366293 0
0.00366303 112.947
0.00368151 112.947
0.00368161 77.2645
0.0036867 77.2645
0.0036868 0
0.00371314 0
0.00371324 72.6677
0.00371705 72.6677
0.00371715 114.048
0.00373648 114.048
0.00373658 0
0.00376315 0
0.00376325 114.048
0.00378257 114.048
0.00378267 72.6677
0.00378648 72.6677
0.00378658 0
0.00381339 0
0.00381349 67.8716
0.003816 67.8716
0.0038161 114.837
0.00383622 114.837
0.00383632 0
0.00386339 0
0.00386349 114.837
0.00388362 114.837
0.00388372 67.8716
0.00388623 67.8716
0.00388633 0
0.0038998 0
0.0038999 -3.55271e-15
0.00391367 -3.55271e-15
0.00391377 62.8895
0.00391497 62.8895
0.00391507 115.312
0.00393594 115.312
0.00393604 3.55271e-15
0.00396367 3.55271e-15
0.00396377 115.312
0.00398463 115.312
0.00398473 62.8895
0.00398594 62.8895
0.00398604 -3.55271e-15
0.00401397 -3.55271e-15
0.00401407 115.47
0.00403562 115.47
0.00403572 3.55271e-15
0.00406397 3.55271e-15
0.00406407 115.47
0.00408562 115.47
0.00408572 -3.55271e-15
0.00409979 -3.55271e-15
0.00409989 3.55271e-15
0.00411366 3.55271e-15
0.00411376 62.8895
0.00411496 62.8895
0.00411506 115.312
0.00413593 115.312
0.00413603 -3.55271e-15
0.00416366 -3.55271e-15
0.00416376 115.312
0.00418462 115.312
0.00418472 62.8895
0.00418593 62.8895
0.00418603 3.55271e-15
0.00421337 3.55271e-15
0.00421347 67.8716
0.00421598 67.8716
0.00421608 114.837
0.0042362 114.837
0.0042363 -3.55271e-15
0.00426337 -3.55271e-15
0.00426347 114.837
0.0042836 114.837
0.0042837 67.8716
0.00428621 67.8716
0.00428631 3.55271e-15
0.00429978 3.55271e-15
0.00429988 -3.55271e-15
0.00431311 -3.55271e-15
0.00431321 72.6677
0.00431702 72.6677
0.00431712 114.048
0.00433645 114.048
0.00433655 3.55271e-15
0.00436312 3.55271e-15
0.00436322 114.048
0.00438254 114.048
0.00438264 72.6677
0.00438645 72.6677
0.00438655 -3.55271e-15
0.00439978 -3.55271e-15
0.00439988 3.55271e-15
0.00441289 3.55271e-15
0.00441299 77.2645
0.00441809 77.2645
0.00441819 112.947
0.00443666 112.947
0.00443676 -3.55271e-15
0.00446289 -3.55271e-15
0.00446299 112.947
0.00448147 112.947
0.00448157 77.2645
0.00448666 77.2645
0.00448676 3.55271e-15
0.00449977 3.55271e-15
0.00449987 0
0.0045127 0
0.0045128 81.6497
0.00451917 81.6497
0.00451927 111.536
0.00453684 111.536
0.00453694 0
0.0045627 0
0.0045628 111.536
0.00458038 111.536
0.00458048 81.6497
0.00458685 81.6497
0.00458695 0
0.00459977 0
0.00459987 3.55271e-15
0.00461254 3.55271e-15
0.00461264 85.811
0.00462027 85.811
0.00462037 109.819
0.00463699 109.819
0.00463709 -3.55271e-15
0.00466254 -3.55271e-15
0.00466264 109.819
0.00467927 109.819
0.00467937 85.811
0.00468699 85.811
0.00468709 3.55271e-15
0.00471242 3.55271e-15
0.00471252 89.7371
0.00472137 89.7371
0.00472147 107.801
0.0047371 107.801
0.0047372 -3.55271e-15
0.00476242 -3.55271e-15
0.00476252 107.801
0.00477815 107.801
0.00477825 89.7371
0.00478711 89.7371
0.00478721 3.55271e-15
0.00479976 3.55271e-15
0.00479986 -3.55271e-15
0.00481233 -3.55271e-15
0.00481243 93.4172
0.00482249 93.4172
0.00482259 105.487
0.00483718 105.487
0.00483728 3.55271e-15
0.00486233 3.55271e-15
0.00486243 105.487
0.00487702 105.487
0.00487712 93.4172
0.00488719 93.4172
0.00488729 -3.55271e-15
0.00489975 -3.55271e-15
0.00489985 3.55271e-15
0.00491227 3.55271e-15
0.00491237 96.8413
0.00492362 96.8413
0.00492372 102.885
0.00493723 102.885
0.00493733 -3.55271e-15
0.00496227 -3.55271e-15
0.00496237 102.885
0.00497589 102.885
0.00497599 96.8413
0.00498723 96.8413
0.00498733 3.55271e-15
0.00499975 3.55271e-15
0.00499985 0
0.00501225 0
0.00501235 100
0.00502475 100
0.00502485 100
0.00503724 100
0.00503734 0
0.00506225 0
0.00506235 100
0.00507475 100
0.00507485 100
0.00508725 100
0.00508735 0
0.00509974 0
0.00509984 3.55271e-15
0.00511226 3.55271e-15
0.00511236 102.885
0.00512588 102.885
0.00512598 96.8413
0.00513722 96.8413
0.00513732 -3.55271e-15
0.00516226 -3.55271e-15
0.00516236 96.8413
0.00517361 96.8413
0.00517371 102.885
0.00518722 102.885
0.00518732 3.55271e-15
0.00519974 3.55271e-15
0.00519984 0
0.00521231 0
0.00521241 105.487
0.005227 105.487
0.0052271 93.4172
0.00523716 93.4172
0.00523726 0
0.00526231 0
0.00526241 93.4172
0.00527248 93.4172
0.00527258 105.487
0.00528717 105.487
0.00528727 0
0.00529973 0
0.00529983 -3.55271e-15
0.00531239 -3.55271e-15
0.00531249 107.801
0.00532812 107.801
0.00532822 89.7371
0.00533707 89.7371
0.00533717 3.55271e-15
0.00536239 3.55271e-15
0.00536249 89.7371
0.00537135 89.7371
0.00537145 107.801
0.00538708 107.801
0.00538718 -3.55271e-15
0.0054125 -3.55271e-15
0.0054126 109.819
0.00542923 109.819
0.00542933 85.811
0.00543695 85.811
0.00543705 3.55271e-15
0.0054625 3.55271e-15
0.0054626 85.811
0.00547023 85.811
0.00547033 109.819
0.00548695 109.819
0.00548705 -3.55271e-15
0.00549972 -3.55271e-15
0.00549982 1.77636e-15
0.00551265 1.77636e-15
0.00551275 111.536
0.00553032 111.536
0.00553042 81.6497
0.00553679 81.6497
0.00553689 -1.77636e-15
0.00556265 -1.77636e-15
0.00556275 81.6497
0.00556912 81.6497
0.00556922 111.536
0.0055868 111.536
0.0055869 1.77636e-15
0.00559972 1.77636e-15
0.00559982 0
0.00561283 0
0.00561293 112.947
0.00563141 112.947
0.00563151 77.2645
0.0056366 77.2645
0.0056367 0
0.00566283 0
0.00566293 77.2645
0.00566803 77.2645
0.00566813 112.947
0.0056866 112.947
0.0056867 0
0.00569971 0
0.00569981 3.55271e-15
0.00571304 3.55271e-15
0.00571314 114.048
0.00573247 114.048
0.00573257 72.6677
0.00573638 72.6677
0.00573648 -3.55271e-15
0.00576305 -3.55271e-15
0.00576315 72.6677
0.00576696 72.6677
0.00576706 114.048
0.00578638 114.048
0.00578648 3.55271e-15
0.00579971 3.55271e-15
0.00579981 -3.55271e-15
0.00581329 -3.55271e-15
0.00581339 114.837
0.00583351 114.837
0.00583361 67.8716
0.00583612 67.8716
0.00583622 3.55271e-15
0.00586329 3.55271e-15
0.00586339 67.8716
0.0058659 67.8716
0.005866 114.837
0.00588613 114.837
0.00588623 -3.55271e-15
0.0058997 -3.55271e-15
0.0058998 0
0.00591357 0
0.00591367 115.312
0.00593453 115.312
0.00593463 62.8895
0.00593584 62.8895
0.00593594 0
0.00596357 0
0.00596367 62.8895
0.00596487 62.8895
0.00596497 115.312
0.00598584 115.312
0.00598594 0
0.00601387 0
0.00601397 115.47
0.00603552 115.47
0.00603562 0
0.00606387 0
0.00606397 115.47
0.00608552 115.47
0.00608562 0
0.00611356 0
0.00611366 115.312
0.00613452 115.312
0.00613462 62.8895
0.00613583 62.8895
0.00613593 0
0.00616356 0
0.00616366 62.8895
0.00616486 62.8895
0.00616496 115.312
0.00618583 115.312
0.00618593 0
0.00619969 0
0.00619979 7.10543e-15
0.00621327 7.10543e-15
0.00621337 114.837
0.00623349 114.837
0.00623359 67.8716
0.0062361 67.8716
0.0062362 -7.10543e-15
0.00626327 -7.10543e-15
0.00626337 67.8716
0.00626588 67.8716
0.00626598 114.837
0.00628611 114.837
0.00628621 7.10543e-15
0.00629968 7.10543e-15
0.00629978 0
0.00631301 0
0.00631311 114.048
0.00633244 114.048
0.00633254 72.6677
0.00633635 72.6677
0.00633645 0
0.00636302 0
0.00636312 72.6677
0.00636693 72.6677
0.00636703 114.048
0.00638635 114.048
0.00638645 0
0.00641279 0
0.00641289 112.947
0.00643137 112.947
0.00643147 77.2645
0.00643656 77.2645
0.00643666 0
0.00646279 0
0.00646289 77.2645
0.00646799 77.2645
0.00646809 112.947
0.00648656 112.947
0.00648666 0
0.0065126 0
0.0065127 111.536
0.00653027 111.536
0.00653037 81.6497
0.00653674 81.6497
0.00653684 0
0.0065626 0
0.0065627 81.6497
0.00656907 81.6497
0.00656917 111.536
0.00658675 111.536
0.00658685 0
0.00661244 0
0.00661254 109.819
0.00662917 109.819
0.00662927 85.811
0.00663689 85.811
0.00663699 0
0.00666244 0
0.00666254 85.811
0.00667017 85.811
0.00667027 109.819
0.00668689 109.819
0.00668699 0
0.00671232 0
0.00671242 107.801
0.00672805 107.801
0.00672815 89.7371
0.006737 89.7371
0.0067371 0
0.00676232 0
0.00676242 89.7371
0.00677128 89.7371
0.00677138 107.801
0.00678701 107.801
0.00678711 0
0.00681223 0
0.00681233 105.487
0.00682692 105.487
0.00682702 93.4172
0.00683708 93.4172
0.00683718 0
0.00686223 0
0.00686233 93.4172
0.0068724 93.4172
0.0068725 105.487
0.00688709 105.487
0.00688719 0
0.00691217 0
0.00691227 102.885
0.00692579 102.885
0.00692589 96.8413
0.00693713 96.8413
0.00693723 0
0.00696217 0
0.00696227 96.8413
0.00697352 96.8413
0.00697362 102.885
0.00698713 102.885
0.00698723 0
0.00701215 0
0.00701225 100
0.00702465 100
0.00702475 100
0.00703714 100
0.00703724 0
0.00706215 0
0.00706225 100
0.00707465 100
0.00707475 100
0.00708715 100
0.00708725 0
0.00711216 0
0.00711226 96.8413
0.00712351 96.8413
0.00712361 102.885
0.00713712 102.885
0.00713722 0
0.00716216 0
0.00716226 102.885
0.00717578 102.885
0.00717588 96.8413
0.00718712 96.8413
0.00718722 0
0.00721221 0
0.00721231 93.4172
0.00722237 93.4172
0.00722247 105.487
0.00723706 105.487
0.00723716 0
0.00726221 0
0.00726231 105.487
0.0072769 105.487
0.007277 93.4172
0.00728707 93.4172
0.00728717 0
0.00731229 0
0.00731239 89.7371
0.00732124 89.7371
0.00732134 107.801
0.00733697 107.801
0.00733707 0
0.00736229 0
0.00736239 107.801
0.00737802 107.801
0.00737812 89.7371
0.00738698 89.7371
0.00738708 0
0.0074124 0
0.0074125 85.811
0.00742013 85.811
0.00742023 109.819
0.00743685 109.819
0.00743695 0
0.0074624 0
0.0074625 109.819
0.00747913 109.819
0.00747923 85.811
0.00748685 85.811
0.00748695 0
0.00751255 0
0.00751265 81.6497
0.00751902 81.6497
0.00751912 111.536
0.00753669 111.536
0.00753679 0
0.00756255 0
0.00756265 111.536
0.00758023 111.536
0.00758033 81.6497
0.0075867 81.6497
0.0075868 0
0.00761273 0
0.00761283 77.2645
0.00761793 77.2645
0.00761803 112.947
0.0076365 112.947
0.0076366 0
0.00766273 0
0.00766283 112.947
0.00768131 112.947
0.00768141 77.2645
0.0076865 77.2645
0.0076866 0
0.00771294 0
0.00771304 72.6677
0.00771685 72.6677
0.00771695 114.048
0.00773628 114.048
0.00773638 0
0.00776295 0
0.00776305 114.048
0.00778237 114.048
0.00778247 72.6677
0.00778628 72.6677
0.00778638 0
0.00781319 0
0.00781329 67.8716
0.0078158 67.8716
0.0078159 114.837
0.00783602 114.837
0.00783612 0
0.00786319 0
0.00786329 114.837
0.00788342 114.837
0.00788352 67.8716
0.00788603 67.8716
0.00788613 0
0.00791347 0
0.00791357 62.8895
0.00791477 62.8895
0.00791487 115.312
0.00793574 115.312
0.00793584 0
0.00796347 0
0.00796357 115.312
0.00798443 115.312
0.00798453 62.8895
0.00798574 62.8895
0.00798584 0
0.00801377 0
0.00801387 115.47
0.00803542 115.47
0.00803552 0
0.00806377 0
0.00806387 115.47
0.00808543 115.47
0.00808553 0
0.0080996 0
0.0080997 7.10543e-15
0.00811346 7.10543e-15
0.00811356 62.8895
0.00811477 62.8895
0.00811487 115.312
0.00813573 115.312
0.00813583 -7.10543e-15
0.00816346 -7.10543e-15
0.00816356 115.312
0.00818443 115.312
0.00818453 62.8895
0.00818573 62.8895
0.00818583 7.10543e-15
0.00819959 7.10543e-15
0.00819969 0
0.00821317 0
0.00821327 67.8716
0.00821578 67.8716
0.00821588 114.837
0.00823601 114.837
0.00823611 0
0.00826318 0
0.00826328 114.837
0.0082834 114.837
0.0082835 67.8716
0.00828601 67.8716
0.00828611 0
0.00829959 0
0.00829969 7.10543e-15
0.00831292 7.10543e-15
0.00831302 72.6677
0.00831683 72.6677
0.00831693 114.048
0.00833625 114.048
0.00833635 -7.10543e-15
0.00836292 -7.10543e-15
0.00836302 114.048
0.00838235 114.048
0.00838245 72.6677
0.00838626 72.6677
0.00838636 7.10543e-15
0.00839958 7.10543e-15
0.00839968 -7.10543e-15
0.0084127 -7.10543e-15
0.0084128 77.2645
0.00841789 77.2645
0.00841799 112.947
0.00843647 112.947
0.00843657 7.10543e-15
0.0084627 7.10543e-15
0.0084628 112.947
0.00848127 112.947
0.00848137 77.2645
0.00848647 77.2645
0.00848657 -7.10543e-15
0.00849958 -7.10543e-15
0.00849968 0
0.0085125 0
0.0085126 81.6497
0.00851897 81.6497
0.00851907 111.536
0.00853665 111.536
0.00853675 0
0.00856251 0
0.00856261 111.536
0.00858018 111.536
0.00858028 81.6497
0.00858665 81.6497
0.00858675 0
0.00861235 0
0.00861245 85.811
0.00862007 85.811
0.00862017 109.819
0.0086368 109.819
0.0086369 0
0.00866235 0
0.00866245 109.819
0.00867907 109.819
0.00867917 85.811
0.0086868 85.811
0.0086869 0
0.00871222 0
0.00871232 89.7371
0.00872118 89.7371
0.00872128 107.801
0.00873691 107.801
0.00873701 0
0.00876223 0
0.00876233 107.801
0.00877796 107.801
0.00877806 89.7371
0.00878691 89.7371
0.00878701 0
0.00879956 0
0.00879966 -7.10543e-15
0.00881213 -7.10543e-15
0.00881223 93.4172
0.0088223 93.4172
0.0088224 105.487
0.00883699 105.487
0.00883709 7.10543e-15
0.00886214 7.10543e-15
0.00886224 105.487
0.00887683 105.487
0.00887693 93.4172
0.00888699 93.4172
0.00888709 -7.10543e-15
0.00889956 -7.10543e-15
0.00889966 7.10543e-15
0.00891208 7.10543e-15
0.00891218 96.8413
0.00892342 96.8413
0.00892352 102.885
0.00893704 102.885
0.00893714 -7.10543e-15
0.00896208 -7.10543e-15
0.00896218 102.885
0.00897569 102.885
0.00897579 96.8413
0.00898704 96.8413
0.00898714 7.10543e-15
0.00899955 7.10543e-15
0.00899965 -7.10543e-15
0.00901206 -7.10543e-15
0.00901216 100
0.00902455 100
0.00902465 100
0.00903705 100
0.00903715 7.10543e-15
0.00906206 7.10543e-15
0.00906216 100
0.00907455 100
0.00907465 100
0.00908705 100
0.00908715 -7.10543e-15
0.00909955 -7.10543e-15
0.00909965 0
0.00911207 0
0.00911217 102.885
0.00912568 102.885
0.00912578 96.8413
0.00913703 96.8413
0.00913713 0
0.00916207 0
0.00916217 96.8413
0.00917341 96.8413
0.00917351 102.885
0.00918703 102.885
0.00918713 0
0.00919954 0
0.00919964 -7.10543e-15
0.00921211 -7.10543e-15
0.00921221 105.487
0.0092268 105.487
0.0092269 93.4172
0.00923697 93.4172
0.00923707 7.10543e-15
0.00926212 7.10543e-15
0.00926222 93.4172
0.00927228 93.4172
0.00927238 105.487
0.00928697 105.487
0.00928707 -7.10543e-15
0.00931219 -7.10543e-15
0.00931229 107.801
0.00932792 107.801
0.00932802 89.7371
0.00933688 89.7371
0.00933698 7.10543e-15
0.0093622 7.10543e-15
0.0093623 89.7371
0.00937115 89.7371
0.00937125 107.801
0.00938688 107.801
0.00938698 -7.10543e-15
0.00941231 -7.10543e-15
0.00941241 109.819
0.00942903 109.819
0.00942913 85.811
0.00943676 85.811
0.00943686 7.10543e-15
0.00946231 7.10543e-15
0.00946241 85.811
0.00947003 85.811
0.00947013 109.819
0.00948676 109.819
0.00948686 -7.10543e-15
0.00949953 -7.10543e-15
0.00949963 7.10543e-15
0.00951245 7.10543e-15
0.00951255 111.536
0.00953013 111.536
0.00953023 81.6497
0.0095366 81.6497
0.0095367 -7.10543e-15
0.00956246 -7.10543e-15
0.00956256 81.6497
0.00956893 81.6497
0.00956903 111.536
0.0095866 111.536
0.0095867 7.10543e-15
0.00959952 7.10543e-15
0.00959962 0
0.00961264 0
0.00961274 112.947
0.00963121 112.947
0.00963131 77.2645
0.00963641 77.2645
0.00963651 0
0.00966264 0
0.00966274 77.2645
0.00966783 77.2645
0.00966793 112.947
0.00968641 112.947
0.00968651 0
0.00969952 0
0.00969962 -7.10543e-15
0.00971285 -7.10543e-15
0.00971295 114.048
0.00973227 114.048
0.00973237 72.6677
0.00973618 72.6677
0.00973628 7.10543e-15
0.00976285 7.10543e-15
0.00976295 72.6677
0.00976676 72.6677
0.00976686 114.048
0.00978619 114.048
0.00978629 -7.10543e-15
0.00979951 -7.10543e-15
0.00979961 0
0.00981309 0
0.00981319 114.837
0.00983332 114.837
0.00983342 67.8716
0.00983593 67.8716
0.00983603 0
0.0098631 0
0.0098632 67.8716
0.00986571 67.8716
0.00986581 114.837
0.00988593 114.837
0.00988603 0
0.00991337 0
0.00991347 115.312
0.00993434 115.312
0.00993444 62.8895
0.00993564 62.8895
0.00993574 0
0.00996337 0
0.00996347 62.8895
0.00996468 62.8895
0.00996478 115.312
0.00998564 115.312
0.00998574 0
0.0100137 0
0.0100138 115.47
0.0100353 115.47
0.0100354 0
0.0100637 0
0.0100638 115.47
0.0100853 115.47
0.0100854 0
0.0100995 0
0.0100996 -3.55271e-15
0.0101134 -3.55271e-15
0.0101135 115.312
0.0101343 115.312
0.0101344 62.8895
0.0101356 62.8895
0.0101357 3.55271e-15
0.0101634 3.55271e-15
0.0101635 62.8895
0.0101647 62.8895
0.0101648 115.312
0.0101856 115.312
0.0101857 -3.55271e-15
0.0101995 -3.55271e-15
0.0101996 0
0.0102131 0
0.0102132 114.837
0.0102333 114.837
0.0102334 67.8716
0.0102359 67.8716
0.010236 0
0.0102631 0
0.0102632 67.8716
0.0102657 67.8716
0.0102658 114.837
0.0102859 114.837
0.010286 0
0.0102995 0
0.0102996 -3.55271e-15
0.0103128 -3.55271e-15
0.0103129 114.048
0.0103322 114.048
0.0103323 72.6677
0.0103362 72.6677
0.0103363 3.55271e-15
0.0103628 3.55271e-15
0.0103629 72.6677
0.0103667 72.6677
0.0103668 114.048
0.0103862 114.048
0.0103863 -3.55271e-15
0.0103995 -3.55271e-15
0.0103996 3.55271e-15
0.0104126 3.55271e-15
0.0104127 112.947
0.0104312 112.947
0.0104313 77.2645
0.0104364 77.2645
0.0104365 -3.55271e-15
0.0104626 -3.55271e-15
0.0104627 77.2645
0.0104678 77.2645
0.0104679 112.947
0.0104864 112.947
0.0104865 3.55271e-15
0.0104995 3.55271e-15
0.0104996 0
0.0105124 0
0.0105125 111.536
0.0105301 111.536
0.0105302 81.6497
0.0105365 81.6497
0.0105366 0
0.0105624 0
0.0105625 81.6497
0.0105689 81.6497
0.010569 111.536
0.0105866 111.536
0.0105867 0
0.0105995 0
0.0105996 3.55271e-15
0.0106122 3.55271e-15
0.0106123 109.819
0.010629 109.819
0.0106291 85.811
0.0106367 85.811
0.0106368 -3.55271e-15
0.0106622 -3.55271e-15
0.0106623 85.811
0.01067 85.811
0.0106701 109.819
0.0106867 109.819
0.0106868 3.55271e-15
0.0106995 3.55271e-15
0.0106996 0
0.0107121 0
0.0107122 107.801
0.0107279 107.801
0.010728 89.7371
0.0107368 89.7371
0.0107369 0
0.0107621 0
0.0107622 89.7371
0.0107711 89.7371
0.0107712 107.801
0.0107868 107.801
0.0107869 0
0.010812 0
0.0108121 105.487
0.0108267 105.487
0.0108268 93.4172
0.0108369 93.4172
0.010837 0
0.010862 0
0.0108621 93.4172
0.0108722 93.4172
0.0108723 105.487
0.0108869 105.487
0.010887 0
0.010912 0
0.0109121 102.885
0.0109256 102.885
0.0109257 96.8413
0.0109369 96.8413
0.010937 0
0.010962 0
0.0109621 96.8413
0.0109733 96.8413
0.0109734 102.885
0.0109869 102.885
0.010987 0
0.0109995 0
0.0109996 3.55271e-15
0.011012 3.55271e-15
0.0110121 100
0.0110244 100
0.0110245 100
0.0110369 100
0.011037 -3.55271e-15
0.011062 -3.55271e-15
0.0110621 100
0.0110745 100
0.0110746 100
0.011087 100
0.0110871 3.55271e-15
0.0110994 3.55271e-15
0.0110995 0
0.011112 0
0.0111121 96.8413
0.0111233 96.8413
0.0111234 102.885
0.0111369 102.885
0.011137 0
0.011162 0
0.0111621 102.885
0.0111756 102.885
0.0111757 96.8413
0.0111869 96.8413
0.011187 0
0.011212 0
0.0112121 93.4172
0.0112222 93.4172
0.0112223 105.487
0.0112369 105.487
0.011237 0
0.011262 0
0.0112621 105.487
0.0112767 105.487
0.0112768 93.4172
0.0112869 93.4172
0.011287 0
0.0112994 0
0.0112995 3.55271e-15
0.0113121 3.55271e-15
0.0113122 89.7371
0.011321 89.7371
0.0113211 107.801
0.0113368 107.801
0.0113369 -3.55271e-15
0.0113621 -3.55271e-15
0.0113622 107.801
0.0113778 107.801
0.0113779 89.7371
0.0113868 89.7371
0.0113869 3.55271e-15
0.0113994 3.55271e-15
0.0113995 -1.77636e-15
0.0114122 -1.77636e-15
0.0114123 85.811
0.0114199 85.811
0.01142 109.819
0.0114367 109.819
0.0114368 1.77636e-15
0.0114622 1.77636e-15
0.0114623 109.819
0.0114789 109.819
0.011479 85.811
0.0114867 85.811
0.0114868 -1.77636e-15
0.0115124 -1.77636e-15
0.0115125 81.6497
0.0115188 81.6497
0.0115189 111.536
0.0115365 111.536
0.0115366 1.77636e-15
0.0115624 1.77636e-15
0.0115625 111.536
0.01158 111.536
0.0115801 81.6497
0.0115865 81.6497
0.0115866 -1.77636e-15
0.0115994 -1.77636e-15
0.0115995 0
0.0116125 0
0.0116126 77.2645
0.0116177 77.2645
0.0116178 112.947
0.0116363 112.947
0.0116364 0
0.0116625 0
0.0116626 112.947
0.0116811 112.947
0.0116812 77.2645
0.0116863 77.2645
0.0116864 0
0.0117127 0
0.0117128 72.6677
0.0117167 72.6677
0.0117168 114.048
0.0117361 114.048
0.0117362 0
0.0117628 0
0.0117629 114.048
0.0117822 114.048
0.0117823 72.6677
0.0117861 72.6677
0.0117862 0
0.0117994 0
0.0117995 3.55271e-15
0.011813 3.55271e-15
0.0118131 67.8716
0.0118156 67.8716
0.0118157 114.837
0.0118358 114.837
0.0118359 -3.55271e-15
0.011863 -3.55271e-15
0.0118631 114.837
0.0118832 114.837
0.0118833 67.8716
0.0118858 67.8716
0.0118859 3.55271e-15
0.0118994 3.55271e-15
0.0118995 0
0.0119133 0
0.0119134 62.8895
0.0119146 62.8895
0.0119147 115.312
0.0119355 115.312
0.0119356 0
0.0119633 0
0.0119634 115.312
0.0119842 115.312
0.0119843 62.8895
0.0119855 62.8895
0.0119856 0
0.0119994 0
